103.0,92.0,1.0,0.0,94.0,143.89254251185645
104.0,95.0,1.0,0.0,105.0,143.28069911188945
98.0,91.0,1.0,0.0,92.0,148.45409493353176
101.0,103.0,1.0,0.0,97.0,160.9043096421236
102.0,96.0,1.0,0.0,106.0,148.80613344074473
92.0,103.0,1.0,25.0,97.0,157.85338345898003
107.0,102.0,1.0,29.0,101.0,154.45216159126915
102.0,102.0,1.0,27.0,94.0,141.50024150178888
94.0,101.0,1.0,24.0,93.0,158.38975369067992
90.0,92.0,1.0,18.0,96.0,147.93658260783144
92.0,98.0,1.0,18.0,92.0,150.85175108780354
92.0,101.0,1.0,0.0,96.0,150.44041760573904
107.0,104.0,1.0,26.0,99.0,154.20187598052885
100.0,96.0,1.0,0.0,104.0,159.42192498616862
93.0,105.0,1.0,21.0,93.0,157.59659634076615
105.0,96.0,1.0,0.0,104.0,157.0736847666155
93.0,92.0,1.0,18.0,96.0,147.09383980915376
100.0,103.0,1.0,24.0,97.0,154.48327574836685
98.0,101.0,1.0,55.0,104.0,149.80637124413542
93.0,95.0,1.0,20.0,100.0,146.03393478702316
98.0,98.0,1.0,27.0,91.0,152.6450272799115
98.0,95.0,1.0,50.0,101.0,141.10180326548817
94.0,93.0,1.0,21.0,98.0,153.46319237472767
100.0,94.0,1.0,0.0,93.0,156.29587369587313
100.0,92.0,1.0,0.0,102.0,149.7404621944097
89.0,100.0,1.0,20.0,87.0,149.48925213781277
106.0,108.0,1.0,0.0,112.0,157.32062856512113
104.0,103.0,1.0,22.0,108.0,151.9883201754386
98.0,94.0,1.0,20.0,103.0,141.78307328931572
101.0,103.0,1.0,0.0,101.0,151.31806355182772
107.0,106.0,1.0,0.0,102.0,155.70529345898007
105.0,99.0,1.0,0.0,104.0,147.72755360973537
104.0,95.0,1.0,0.0,107.0,144.21826812035647
96.0,98.0,1.0,0.0,89.0,161.15514237747297
108.0,101.0,1.0,27.0,118.0,156.47621491516975
99.0,91.0,1.0,22.0,101.0,145.97283901808785
100.0,101.0,1.0,26.0,98.0,157.1865971556462
105.0,92.0,1.0,26.0,104.0,144.5000064758204
96.0,92.0,1.0,0.0,92.0,144.6278482253771
101.0,99.0,1.0,0.0,95.0,143.6381805177279
104.0,92.0,1.0,0.0,108.0,151.23982820853718
95.0,94.0,1.0,0.0,101.0,151.51019237472767
97.0,95.0,1.0,24.0,94.0,145.76747894116383
100.0,98.0,1.0,21.0,97.0,145.63064753812148
104.0,104.0,1.0,25.0,100.0,156.6695882374768
107.0,95.0,1.0,28.0,111.0,146.1745312782512
108.0,100.0,1.0,0.0,114.0,146.95617815728443
99.0,93.0,1.0,0.0,107.0,150.8440250570789
90.0,99.0,1.0,23.0,94.0,152.73548771097455
90.0,99.0,1.0,0.0,80.0,156.3744320348068
99.0,93.0,1.0,21.0,102.0,143.9392591197687
98.0,94.0,1.0,22.0,98.0,153.96137724867725
92.0,99.0,1.0,24.0,95.0,153.30699681866383
103.0,94.0,1.0,0.0,99.0,155.99946546343912
94.0,96.0,1.0,22.0,95.0,144.62803782249745
109.0,104.0,1.0,0.0,117.0,154.01031640152658
99.0,100.0,1.0,25.0,102.0,157.98562535776136
103.0,103.0,1.0,24.0,106.0,155.82621739798157
95.0,102.0,1.0,0.0,99.0,146.2658922252249
98.0,99.0,1.0,28.0,95.0,148.5908511944196
91.0,97.0,1.0,0.0,84.0,164.09504678890968
103.0,103.0,1.0,19.0,105.0,158.10856782931353
96.0,114.0,1.0,32.0,108.0,165.4742721844293
91.0,102.0,1.0,0.0,92.0,154.60796011730204
106.0,95.0,1.0,0.0,103.0,145.0434307359307
89.0,99.0,1.0,27.0,87.0,150.2079533206831
105.0,104.0,1.0,28.0,106.0,153.7877364682632
103.0,95.0,1.0,28.0,108.0,150.1726003473203
100.0,95.0,1.0,0.0,101.0,150.1540015873016
99.0,97.0,1.0,0.0,103.0,152.57343431866383
95.0,100.0,1.0,0.0,97.0,160.09607615141218
97.0,95.0,1.0,44.0,111.0,147.04404739261912
101.0,103.0,1.0,0.0,101.0,160.79567657004833
102.0,93.0,1.0,0.0,92.0,153.46799787084655
106.0,104.0,1.0,0.0,100.0,155.45218471623252
100.0,103.0,1.0,49.0,97.0,158.34503945722048
92.0,96.0,1.0,0.0,94.0,149.2728774025974
103.0,106.0,1.0,0.0,99.0,162.1814029411765
106.0,101.0,1.0,23.0,110.0,160.62156664365148
101.0,100.0,1.0,28.0,103.0,153.58525240896358
100.0,99.0,1.0,0.0,102.0,146.09412193571373
94.0,96.0,1.0,0.0,90.0,154.57568497063897
98.0,93.0,1.0,0.0,97.0,144.65053593897352
95.0,96.0,1.0,20.0,96.0,145.75161255411254
104.0,92.0,1.0,51.0,103.0,155.47152666050576
99.0,97.0,1.0,0.0,104.0,159.5845507207485
100.0,97.0,1.0,22.0,112.0,152.84035714285716
102.0,101.0,1.0,57.0,104.0,158.28776587860025
100.0,100.0,1.0,0.0,104.0,153.7265851540616
102.0,97.0,1.0,0.0,104.0,155.09968248156625
99.0,101.0,1.0,24.0,101.0,161.5938690329993
100.0,103.0,1.0,27.0,94.0,160.32923183320617
91.0,95.0,1.0,37.0,102.0,151.13322120252303
103.0,107.0,1.0,0.0,98.0,160.08455488721808
95.0,100.0,1.0,30.0,98.0,149.11199427613923
100.0,101.0,1.0,25.0,104.0,160.63640991850525
94.0,99.0,1.0,0.0,87.0,143.3887056305445
91.0,102.0,1.0,0.0,89.0,162.25074082787108
105.0,101.0,1.0,28.0,99.0,162.06981162790697
102.0,97.0,1.0,31.0,113.0,158.91977577387544
104.0,104.0,1.0,0.0,114.0,154.3661579735979
106.0,97.0,1.0,0.0,104.0,154.3276267903525
102.0,103.0,1.0,27.0,116.0,156.37831848739495
102.0,106.0,1.0,0.0,111.0,161.88168355342137
93.0,101.0,1.0,21.0,95.0,154.00614905996704
104.0,101.0,1.0,0.0,104.0,153.1830543910649
100.0,106.0,1.0,25.0,93.0,151.04597822000656
101.0,98.0,1.0,0.0,105.0,147.98340760947258
99.0,101.0,1.0,0.0,93.0,140.7263127376083
103.0,108.0,1.0,30.0,111.0,160.53154344557043
92.0,101.0,1.0,20.0,106.0,160.60053231723276
107.0,97.0,1.0,0.0,109.0,154.86040302070484
105.0,97.0,1.0,26.0,110.0,157.4924424405421
101.0,101.0,1.0,0.0,102.0,154.14090679035252
97.0,105.0,1.0,26.0,103.0,153.98281297273766
97.0,92.0,1.0,44.0,99.0,148.92532467532467
93.0,103.0,1.0,23.0,100.0,164.15318823246184
98.0,97.0,1.0,21.0,106.0,146.99220043350758
102.0,90.0,1.0,0.0,107.0,145.5747786518018
99.0,99.0,1.0,0.0,90.0,143.50177316272038
101.0,100.0,1.0,28.0,103.0,152.2367136647569
103.0,107.0,1.0,0.0,108.0,158.4000600240096
105.0,101.0,1.0,0.0,108.0,155.49710142857143
105.0,102.0,1.0,0.0,102.0,151.27552279734078
94.0,99.0,1.0,20.0,94.0,157.27735517191374
102.0,102.0,1.0,0.0,105.0,157.93032274229714
95.0,98.0,1.0,0.0,91.0,160.31379422421145
103.0,95.0,1.0,49.0,121.0,147.54212686219702
102.0,106.0,1.0,0.0,102.0,162.17208182528825
104.0,95.0,1.0,0.0,107.0,152.50919659883533
101.0,104.0,1.0,0.0,105.0,156.67072881758764
102.0,101.0,1.0,0.0,104.0,161.55193982720223
95.0,100.0,1.0,21.0,102.0,145.63486895282165
90.0,98.0,1.0,0.0,93.0,141.94836139801447
102.0,103.0,1.0,53.0,107.0,160.36718235294117
104.0,99.0,1.0,0.0,111.0,152.39830131445905
105.0,99.0,1.0,0.0,108.0,162.38676013330232
110.0,103.0,1.0,27.0,112.0,151.5006059228039
97.0,106.0,1.0,52.0,105.0,159.26113610712576
103.0,97.0,1.0,21.0,116.0,151.7748050846704
96.0,104.0,1.0,0.0,95.0,157.13765042151744
99.0,93.0,1.0,18.0,101.0,149.4937987012987
103.0,95.0,1.0,0.0,103.0,150.71893455450473
94.0,104.0,1.0,0.0,105.0,157.7477264646465
110.0,95.0,1.0,27.0,110.0,150.0938260670132
103.0,103.0,1.0,26.0,104.0,146.3580042121941
100.0,92.0,1.0,44.0,104.0,149.45357375669693
94.0,101.0,1.0,0.0,95.0,162.7262197606315
102.0,100.0,1.0,26.0,106.0,152.94795880970486
100.0,97.0,1.0,22.0,103.0,151.95019378440625
105.0,103.0,1.0,0.0,106.0,158.26203949579832
101.0,100.0,1.0,23.0,106.0,150.17782049604475
95.0,93.0,1.0,0.0,95.0,148.37743744647364
96.0,95.0,1.0,0.0,90.0,146.5711015192096
94.0,108.0,1.0,0.0,95.0,150.8489663188133
103.0,101.0,1.0,0.0,102.0,157.9208844461079
94.0,102.0,1.0,27.0,100.0,160.67846147837125
93.0,98.0,1.0,0.0,101.0,142.1046142462879
95.0,102.0,1.0,22.0,93.0,155.01525522632227
95.0,108.0,1.0,25.0,99.0,164.56851898700012
102.0,108.0,1.0,0.0,110.0,159.04551326627887
104.0,106.0,1.0,0.0,109.0,167.63342402606781
103.0,99.0,1.0,0.0,102.0,153.0342221183072
94.0,104.0,1.0,30.0,101.0,152.20954996464374
104.0,98.0,1.0,0.0,107.0,152.06750196846158
95.0,103.0,1.0,26.0,97.0,148.28818603037593
100.0,98.0,1.0,24.0,97.0,150.3937379931436
96.0,101.0,1.0,26.0,93.0,152.83798909090908
104.0,92.0,1.0,0.0,107.0,151.6508667330819
94.0,107.0,1.0,23.0,94.0,160.98847326627893
98.0,103.0,1.0,24.0,98.0,145.7441390233012
103.0,104.0,1.0,28.0,105.0,153.33769967076668
103.0,96.0,1.0,55.0,104.0,151.35361421140325
94.0,101.0,1.0,0.0,95.0,160.60235621521335
104.0,88.0,1.0,22.0,104.0,148.47527785372523
106.0,104.0,1.0,48.0,103.0,161.24321596638654
103.0,108.0,1.0,26.0,109.0,150.98443570656838
95.0,96.0,1.0,0.0,89.0,150.7566427358774
98.0,102.0,1.0,27.0,99.0,150.8508981818182
104.0,101.0,1.0,0.0,108.0,147.86441023394627
99.0,104.0,1.0,45.0,96.0,148.17067856132988
95.0,105.0,1.0,27.0,102.0,158.61419493065517
96.0,101.0,1.0,0.0,96.0,154.5057221183072
100.0,103.0,1.0,44.0,98.0,159.1647087493409
103.0,101.0,1.0,0.0,99.0,142.43683942583135
106.0,113.0,1.0,26.0,114.0,167.70312514739229
94.0,103.0,1.0,24.0,94.0,155.2789091944092
96.0,106.0,1.0,26.0,92.0,160.4095501960784
99.0,101.0,1.0,23.0,94.0,146.67654158984567
105.0,105.0,1.0,0.0,107.0,151.53403574938574
99.0,101.0,1.0,26.0,102.0,148.61345450601408
102.0,103.0,1.0,0.0,99.0,155.10475752982867
107.0,98.0,1.0,49.0,107.0,145.82955615107707
102.0,100.0,1.0,54.0,106.0,144.32874057683375
106.0,90.0,1.0,0.0,103.0,149.20158828719846
112.0,110.0,1.0,50.0,109.0,159.99092402049365
105.0,96.0,1.0,50.0,111.0,153.72339572649574
99.0,86.0,1.0,44.0,98.0,144.37173239917976
97.0,104.0,1.0,0.0,94.0,152.0413298041936
96.0,101.0,1.0,22.0,91.0,153.7328182853183
101.0,103.0,1.0,26.0,97.0,152.88855459715035
99.0,93.0,1.0,0.0,88.0,144.87632953887288
104.0,100.0,1.0,0.0,106.0,142.0827257894677
97.0,103.0,1.0,0.0,88.0,148.56343078183744
99.0,103.0,1.0,24.0,101.0,145.60920081874923
93.0,109.0,1.0,0.0,89.0,155.5058641112636
105.0,104.0,1.0,0.0,103.0,167.90141385222165
97.0,104.0,1.0,0.0,93.0,151.27737594064652
104.0,99.0,1.0,0.0,106.0,146.45952119977474
107.0,106.0,1.0,55.0,104.0,164.9347296832579
96.0,94.0,1.0,0.0,94.0,161.05619039468837
96.0,105.0,1.0,0.0,93.0,164.10822236285992
91.0,105.0,1.0,41.0,90.0,153.53558574938575
97.0,96.0,1.0,0.0,86.0,143.90835615107707
100.0,103.0,1.0,25.0,95.0,151.2900799617408
99.0,112.0,1.0,28.0,88.0,166.61508162320882
103.0,101.0,1.0,28.0,102.0,145.96006236078483
99.0,103.0,1.0,29.0,100.0,154.51086590436591
104.0,98.0,1.0,25.0,105.0,144.4404335816755
92.0,112.0,1.0,25.0,86.0,160.58675179550607
105.0,97.0,1.0,45.0,101.0,159.5515659392617
98.0,84.0,1.0,18.0,92.0,142.0204786967419
96.0,107.0,1.0,24.0,97.0,154.54087102515427
97.0,92.0,1.0,25.0,96.0,146.67504693017722
96.0,87.0,1.0,20.0,95.0,142.37864982565998
101.0,97.0,1.0,0.0,97.0,146.303725263072
93.0,98.0,1.0,19.0,86.0,155.76303662835858
100.0,98.0,1.0,46.0,90.0,149.74687144657827
97.0,111.0,1.0,0.0,97.0,166.85196606765328
92.0,104.0,1.0,0.0,86.0,165.12182615384614
104.0,106.0,1.0,0.0,99.0,158.34299295080388
103.0,97.0,1.0,0.0,90.0,154.6341659392617
98.0,108.0,1.0,0.0,94.0,158.79928633004062
109.0,102.0,1.0,27.0,116.0,150.73696094635667
100.0,99.0,1.0,48.0,119.0,143.96239857531947
101.0,105.0,1.0,27.0,103.0,156.76375696235286
93.0,90.0,1.0,22.0,84.0,142.6227174107264
93.0,99.0,1.0,25.0,89.0,150.34562144657826
104.0,98.0,1.0,0.0,102.0,145.7794820320881
107.0,104.0,1.0,28.0,108.0,150.4294199754207
95.0,86.0,1.0,0.0,93.0,140.33326721696434
98.0,111.0,1.0,0.0,92.0,162.86754904927824
96.0,106.0,1.0,49.0,96.0,148.56778924838227
106.0,98.0,1.0,29.0,104.0,153.95535512845086
105.0,82.0,1.0,0.0,111.0,139.42758395989978
97.0,109.0,1.0,26.0,98.0,163.27626922554802
88.0,102.0,1.0,20.0,91.0,144.03122688026852
99.0,105.0,1.0,29.0,100.0,156.29086900290955
102.0,100.0,1.0,28.0,104.0,157.2785194888766
100.0,96.0,1.0,20.0,118.0,157.86251920313484
101.0,105.0,1.0,26.0,102.0,151.33012919527886
98.0,101.0,1.0,49.0,103.0,146.3827342991355
98.0,102.0,1.0,0.0,104.0,147.8795801594747
104.0,95.0,1.0,25.0,101.0,151.2452849063273
105.0,103.0,1.0,0.0,109.0,158.6046179621697
101.0,105.0,1.0,23.0,100.0,159.05667906092202
97.0,99.0,1.0,41.0,105.0,150.87165389187598
96.0,99.0,1.0,22.0,93.0,140.78252974971923
95.0,84.0,1.0,24.0,97.0,140.22686173767755
105.0,99.0,1.0,29.0,99.0,157.8307872255285
97.0,106.0,1.0,20.0,94.0,153.05334932924808
89.0,97.0,1.0,22.0,98.0,151.4918909669334
99.0,106.0,1.0,24.0,104.0,158.23605647392674
103.0,100.0,1.0,27.0,108.0,153.84073429913553
104.0,96.0,1.0,57.0,105.0,149.09998117021277
106.0,98.0,1.0,23.0,111.0,145.94576574473876
99.0,103.0,1.0,0.0,103.0,153.46689957374252
104.0,106.0,1.0,27.0,98.0,161.42212898164559
107.0,89.0,1.0,0.0,108.0,141.98344198858757
113.0,98.0,1.0,28.0,109.0,150.81183304245513
106.0,95.0,1.0,21.0,110.0,148.48016791259343
98.0,105.0,1.0,0.0,107.0,157.54199895320485
98.0,96.0,1.0,73.0,97.0,150.9997460191982
105.0,105.0,1.0,51.0,107.0,153.17212919527884
107.0,84.0,1.0,25.0,114.0,142.18112190027915
104.0,104.0,1.0,49.0,98.0,149.83321009063678
92.0,101.0,1.0,0.0,81.0,157.34596829370045
99.0,92.0,1.0,26.0,94.0,152.63822651013584
113.0,101.0,1.0,26.0,111.0,155.6350257377941
98.0,102.0,1.0,0.0,109.0,149.68392007633457
96.0,107.0,1.0,52.0,97.0,156.5338217894684
102.0,101.0,1.0,50.0,111.0,156.32803689960832
99.0,87.0,1.0,23.0,105.0,142.7334896076352
91.0,98.0,1.0,19.0,86.0,147.6696628296892
105.0,100.0,1.0,23.0,104.0,153.40416298839457
98.0,98.0,1.0,20.0,100.0,147.77862288759593
104.0,99.0,1.0,0.0,113.0,155.53187331523955
98.0,100.0,1.0,0.0,103.0,160.45861006161357
107.0,105.0,1.0,0.0,112.0,162.9778369636635
99.0,90.0,1.0,0.0,107.0,154.98688763279696
104.0,100.0,1.0,56.0,97.0,148.053816706241
99.0,94.0,1.0,50.0,95.0,143.31632202415182
99.0,98.0,1.0,52.0,91.0,155.8287460191982
112.0,101.0,1.0,53.0,113.0,162.0698325287562
99.0,106.0,1.0,48.0,99.0,151.11457594429535
95.0,102.0,1.0,27.0,95.0,154.10165999014535
108.0,98.0,1.0,24.0,100.0,153.74591841224293
94.0,95.0,1.0,26.0,100.0,151.3591136805016
113.0,99.0,1.0,52.0,113.0,156.0502429883946
104.0,101.0,1.0,25.0,102.0,149.74238550190944
105.0,108.0,1.0,74.0,102.0,155.36593820458484
94.0,97.0,1.0,24.0,92.0,154.1675576134011
93.0,100.0,1.0,72.0,102.0,153.98400664857292
105.0,93.0,1.0,27.0,111.0,141.64840684638426
99.0,99.0,1.0,54.0,104.0,144.2085405339354
98.0,103.0,1.0,0.0,106.0,159.74916733439096
108.0,104.0,1.0,28.0,113.0,151.530842610962
104.0,96.0,1.0,51.0,106.0,147.96309308179002
99.0,98.0,1.0,23.0,90.0,146.88434012185806
104.0,101.0,1.0,54.0,100.0,159.03821586208952
102.0,106.0,1.0,24.0,111.0,155.96234651987464
100.0,98.0,1.0,23.0,110.0,152.57692828282828
98.0,99.0,1.0,75.0,98.0,149.2790673945853
104.0,94.0,1.0,0.0,107.0,147.94166650605445
98.0,103.0,1.0,29.0,108.0,157.77656876876875
108.0,92.0,1.0,30.0,106.0,158.21435719801434
100.0,108.0,1.0,0.0,107.0,160.41042241511113
98.0,100.0,1.0,44.0,92.0,158.480354424181
93.0,102.0,1.0,55.0,92.0,151.8775855959413
107.0,102.0,1.0,23.0,98.0,159.5860986979772
97.0,105.0,1.0,27.0,94.0,161.71635642312296
105.0,104.0,1.0,29.0,111.0,151.52602705082035
106.0,99.0,1.0,25.0,105.0,158.16301543032392
98.0,106.0,1.0,54.0,94.0,158.1261354644146
99.0,103.0,1.0,0.0,105.0,161.88329205094422
104.0,101.0,1.0,0.0,104.0,145.4239230585851
94.0,102.0,1.0,47.0,98.0,148.30546360834518
103.0,94.0,1.0,70.0,107.0,142.02506130999637
99.0,108.0,1.0,0.0,108.0,160.42594512903977
107.0,92.0,1.0,0.0,103.0,146.3339253132832
108.0,106.0,1.0,30.0,105.0,156.2496699871051
105.0,106.0,1.0,0.0,110.0,157.64972570831702
99.0,100.0,1.0,0.0,102.0,153.45710215208035
100.0,101.0,1.0,26.0,103.0,154.25812705082035
105.0,103.0,1.0,22.0,109.0,157.67339839839843
99.0,105.0,1.0,0.0,99.0,157.9107812409812
101.0,100.0,1.0,0.0,105.0,148.47854814806607
95.0,103.0,1.0,27.0,101.0,149.63996567599068
106.0,101.0,1.0,0.0,112.0,147.05269645820334
111.0,103.0,1.0,28.0,112.0,162.03494937671024
106.0,99.0,1.0,0.0,105.0,153.9638516339869
105.0,95.0,1.0,23.0,106.0,154.18550315208827
108.0,101.0,1.0,0.0,106.0,150.05911454794685
108.0,95.0,1.0,0.0,104.0,147.77396689189192
105.0,104.0,1.0,28.0,108.0,158.43597756016888
106.0,102.0,1.0,53.0,106.0,151.58564878048782
99.0,92.0,1.0,49.0,103.0,148.75700594498238
94.0,102.0,1.0,51.0,90.0,148.91118653618906
99.0,112.0,1.0,0.0,104.0,154.34765432106872
97.0,104.0,1.0,0.0,90.0,151.758293918729
98.0,103.0,1.0,26.0,96.0,146.01508901634293
95.0,105.0,1.0,27.0,99.0,161.81873218673218
106.0,98.0,1.0,51.0,104.0,151.6891742348295
99.0,102.0,1.0,24.0,103.0,156.84114335664336
97.0,107.0,1.0,0.0,94.0,162.01328438735177
94.0,96.0,1.0,0.0,94.0,149.78194014536848
103.0,105.0,1.0,84.0,102.0,157.00267012987013
98.0,106.0,1.0,47.0,93.0,159.90100185185185
99.0,99.0,1.0,28.0,99.0,153.9747118918786
104.0,100.0,1.0,0.0,106.0,151.09138573360377
96.0,97.0,1.0,0.0,98.0,151.86960142664353
100.0,100.0,1.0,0.0,101.0,150.48303075495932
106.0,102.0,1.0,29.0,111.0,148.8663077195551
98.0,101.0,1.0,24.0,101.0,151.68643413289925
96.0,102.0,1.0,27.0,91.0,148.22817554717807
108.0,101.0,1.0,57.0,110.0,154.47912480376766
108.0,96.0,1.0,31.0,113.0,163.05125841232947
105.0,103.0,1.0,28.0,106.0,162.16779208593
96.0,111.0,1.0,21.0,95.0,156.10228192782148
104.0,103.0,1.0,50.0,102.0,149.85611227255131
98.0,96.0,1.0,23.0,95.0,153.28714958184818
93.0,105.0,1.0,22.0,94.0,150.88862893645262
105.0,94.0,1.0,23.0,107.0,147.4914901555087
104.0,107.0,1.0,28.0,102.0,156.65791457431456
99.0,107.0,1.0,24.0,103.0,163.55804486166008
98.0,97.0,1.0,67.0,98.0,163.07513341232948
98.0,104.0,1.0,22.0,97.0,160.76921345680313
94.0,98.0,1.0,32.0,92.0,150.25148502041694
96.0,100.0,1.0,0.0,89.0,150.72784486975016
104.0,101.0,1.0,23.0,104.0,147.72674354211802
93.0,87.0,1.0,19.0,94.0,143.3227869153403
105.0,102.0,1.0,0.0,99.0,164.03115357142855
105.0,98.0,1.0,26.0,109.0,160.90453803549659
99.0,105.0,1.0,51.0,98.0,158.75522198265057
104.0,97.0,1.0,26.0,103.0,150.30994583796812
99.0,105.0,1.0,27.0,104.0,150.70597861260657
96.0,103.0,1.0,22.0,93.0,152.01318206692346
96.0,98.0,1.0,71.0,97.0,152.2929131079005
93.0,106.0,1.0,0.0,89.0,148.58737934572204
96.0,107.0,1.0,24.0,90.0,156.3330137613064
100.0,101.0,1.0,50.0,104.0,147.14352209724012
107.0,108.0,1.0,28.0,108.0,164.13919349664488
98.0,98.0,1.0,47.0,97.0,156.21565747699128
99.0,106.0,1.0,49.0,111.0,155.68275118071628
95.0,100.0,1.0,21.0,92.0,160.42999199818806
99.0,97.0,1.0,53.0,98.0,153.09854517309313
108.0,98.0,1.0,0.0,100.0,155.74269275785065
104.0,95.0,1.0,53.0,95.0,147.20821835375028
99.0,102.0,1.0,28.0,104.0,144.12889136662795
97.0,101.0,1.0,28.0,97.0,153.21947242281527
92.0,103.0,1.0,23.0,84.0,158.08310200169473
98.0,105.0,1.0,21.0,97.0,164.4287578267477
101.0,98.0,1.0,48.0,100.0,151.61783190569702
104.0,95.0,1.0,0.0,110.0,145.16166784869975
94.0,108.0,1.0,23.0,88.0,168.86757198010986
105.0,86.0,1.0,54.0,113.0,141.60195152271436
99.0,100.0,1.0,48.0,103.0,145.4928737513023
102.0,104.0,1.0,29.0,99.0,148.98486455709164
103.0,102.0,1.0,25.0,105.0,154.7267291171632
91.0,110.0,1.0,0.0,99.0,166.04579147644284
106.0,94.0,1.0,78.0,99.0,150.37472065781913
106.0,100.0,1.0,24.0,109.0,149.5744289967343
107.0,101.0,1.0,25.0,96.0,145.4855961219706
104.0,97.0,1.0,23.0,94.0,154.3670990506003
98.0,104.0,1.0,0.0,99.0,143.06635434572203
93.0,100.0,1.0,0.0,86.0,150.18380440662094
105.0,98.0,1.0,28.0,99.0,155.77496075750872
97.0,104.0,1.0,49.0,101.0,159.10486877489737
95.0,100.0,1.0,48.0,96.0,163.67744760935864
108.0,99.0,1.0,24.0,107.0,145.24256936611772
103.0,109.0,1.0,26.0,102.0,166.89794312391624
105.0,95.0,1.0,53.0,99.0,143.63921330324519
103.0,101.0,1.0,25.0,101.0,146.18914071214073
106.0,98.0,1.0,26.0,91.0,150.11984880748182
104.0,99.0,1.0,0.0,98.0,149.73308884486195
99.0,103.0,1.0,29.0,99.0,156.25254546936446
96.0,106.0,1.0,23.0,93.0,155.33238234111374
108.0,102.0,1.0,0.0,100.0,157.73225339028198
103.0,103.0,1.0,54.0,93.0,157.01695333431513
103.0,107.0,1.0,28.0,104.0,152.72567056322055
97.0,105.0,1.0,27.0,93.0,159.17582828129315
103.0,100.0,1.0,29.0,106.0,137.53393886953154
106.0,101.0,1.0,56.0,96.0,153.60926151474678
104.0,98.0,1.0,0.0,99.0,154.90307241063888
92.0,107.0,1.0,25.0,86.0,160.49938872845763
105.0,97.0,1.0,0.0,111.0,150.84588188161243
98.0,101.0,1.0,48.0,99.0,149.48404547404547
95.0,105.0,1.0,0.0,89.0,154.05037304525194
95.0,97.0,1.0,0.0,92.0,157.27531728884924
100.0,95.0,1.0,23.0,102.0,149.56998905608754
98.0,103.0,1.0,20.0,100.0,153.04044020620657
103.0,101.0,1.0,0.0,98.0,165.03728434405252
95.0,106.0,1.0,72.0,98.0,150.6274565163978
109.0,100.0,1.0,27.0,103.0,152.0541054112554
103.0,103.0,1.0,28.0,108.0,158.90393987731989
93.0,99.0,1.0,0.0,93.0,148.4293694614443
96.0,96.0,1.0,22.0,96.0,148.08020675217455
103.0,103.0,1.0,0.0,103.0,161.78629692769692
100.0,93.0,1.0,21.0,101.0,147.77362145390072
106.0,98.0,1.0,22.0,109.0,156.4194219004348
103.0,104.0,1.0,26.0,101.0,155.3126727913287
104.0,103.0,1.0,75.0,97.0,157.25448691115085
102.0,103.0,1.0,31.0,94.0,154.80763316879347
96.0,105.0,1.0,51.0,86.0,159.48977866556456
100.0,88.0,1.0,0.0,104.0,142.2322696394141
98.0,101.0,1.0,25.0,93.0,147.66109039167685
98.0,97.0,1.0,23.0,102.0,153.87251693234302
98.0,102.0,1.0,23.0,106.0,160.28110248325248
105.0,96.0,1.0,0.0,105.0,149.06646904761905
108.0,101.0,1.0,58.0,101.0,156.42115100661613
94.0,99.0,1.0,23.0,85.0,146.81690913770913
102.0,96.0,1.0,28.0,103.0,150.4110747175425
94.0,106.0,1.0,0.0,96.0,148.60248354342485
95.0,97.0,1.0,0.0,93.0,135.8667803967731
106.0,101.0,1.0,29.0,101.0,154.82550687287323
102.0,98.0,1.0,0.0,96.0,148.77668802165576
103.0,98.0,1.0,26.0,104.0,150.3586641304787
100.0,98.0,1.0,26.0,102.0,158.57518386565903
98.0,93.0,1.0,19.0,100.0,146.27238812056737
103.0,105.0,1.0,30.0,100.0,156.1227669008587
98.0,93.0,1.0,45.0,85.0,150.19753085106385
98.0,101.0,1.0,29.0,97.0,156.64603108845344
98.0,114.0,1.0,79.0,103.0,162.25508429189858
103.0,99.0,1.0,27.0,104.0,142.4656000687509
100.0,88.0,1.0,21.0,101.0,142.52544207443466
96.0,107.0,1.0,51.0,93.0,150.28025576564704
107.0,110.0,1.0,83.0,104.0,158.91171036682616
103.0,103.0,1.0,52.0,104.0,159.6170695906433
100.0,99.0,1.0,49.0,102.0,160.0576458874459
95.0,105.0,1.0,0.0,99.0,160.2331845880619
97.0,97.0,1.0,26.0,94.0,140.63241454311455
93.0,96.0,1.0,63.0,94.0,150.79611731475381
101.0,98.0,1.0,50.0,106.0,147.27375306442318
104.0,98.0,1.0,53.0,103.0,150.05951593013617
105.0,104.0,1.0,52.0,109.0,158.3832907103825
100.0,99.0,1.0,24.0,102.0,156.89197306175396
100.0,94.0,1.0,24.0,100.0,146.4013927648579
96.0,103.0,1.0,45.0,97.0,155.9794567655382
103.0,104.0,1.0,51.0,102.0,160.30265143013017
100.0,99.0,1.0,51.0,100.0,143.8056839707945
107.0,106.0,1.0,27.0,95.0,152.42490511629643
106.0,94.0,1.0,55.0,115.0,152.93022778202186
103.0,97.0,1.0,23.0,107.0,153.56315213909858
98.0,101.0,1.0,47.0,87.0,156.56485267927502
95.0,106.0,1.0,26.0,95.0,162.45658333333333
99.0,95.0,1.0,0.0,101.0,149.31316714864084
105.0,113.0,1.0,24.0,96.0,162.31823840871772
105.0,90.0,1.0,24.0,97.0,141.0540136904762
110.0,89.0,1.0,50.0,115.0,140.20801350300607
95.0,95.0,1.0,26.0,94.0,147.08680569600213
101.0,97.0,1.0,56.0,101.0,144.22302318198598
103.0,105.0,1.0,51.0,106.0,158.4800524752465
96.0,105.0,1.0,48.0,95.0,164.17752205950077
94.0,97.0,1.0,24.0,94.0,148.94951381597124
98.0,95.0,1.0,25.0,94.0,155.5446428763615
107.0,103.0,1.0,29.0,100.0,152.46876379038613
100.0,105.0,1.0,26.0,96.0,150.82110023824765
92.0,95.0,1.0,0.0,92.0,143.7541899018584
102.0,96.0,1.0,52.0,102.0,146.7466591559228
94.0,101.0,1.0,24.0,92.0,149.67605276705277
102.0,102.0,1.0,74.0,102.0,148.78728566339618
98.0,105.0,1.0,23.0,93.0,159.89346666666665
95.0,100.0,1.0,50.0,99.0,150.8487461220619
106.0,102.0,1.0,52.0,110.0,157.19754421403485
110.0,96.0,1.0,50.0,112.0,155.7381521390986
103.0,104.0,1.0,83.0,108.0,160.48358924296332
98.0,96.0,1.0,20.0,99.0,148.11164835164837
99.0,111.0,1.0,51.0,97.0,153.48557736402856
102.0,100.0,1.0,76.0,100.0,150.84896571521736
95.0,99.0,1.0,24.0,95.0,152.59049699376064
107.0,103.0,1.0,20.0,102.0,151.09954805194803
102.0,105.0,1.0,28.0,105.0,152.77730448806057
111.0,95.0,1.0,27.0,113.0,144.06650124754475
94.0,116.0,1.0,55.0,95.0,166.52453470501402
94.0,102.0,1.0,47.0,96.0,150.8682856633962
106.0,96.0,1.0,79.0,113.0,158.35011327561327
102.0,92.0,1.0,23.0,98.0,151.95465745925097
101.0,102.0,1.0,25.0,105.0,161.18441816361468
98.0,99.0,1.0,20.0,98.0,148.30133800355537
105.0,112.0,1.0,55.0,106.0,160.94202180847302
100.0,99.0,1.0,24.0,100.0,147.44929490776394
100.0,99.0,1.0,44.0,102.0,151.87704077786688
99.0,103.0,1.0,24.0,96.0,154.17585811748296
97.0,99.0,1.0,0.0,96.0,161.8353339572804
103.0,102.0,1.0,27.0,101.0,157.2678347006652
102.0,91.0,1.0,25.0,102.0,142.87050343406594
109.0,106.0,1.0,53.0,118.0,161.90181038961038
103.0,90.0,1.0,45.0,102.0,143.45198263364543
95.0,100.0,1.0,73.0,96.0,157.62296392346593
97.0,116.0,1.0,57.0,103.0,171.8919316974952
108.0,99.0,1.0,75.0,106.0,152.0838900972089
98.0,110.0,1.0,21.0,91.0,159.55578367214858
96.0,93.0,1.0,44.0,104.0,157.84986500642077
102.0,97.0,1.0,48.0,103.0,150.35858395989973
101.0,95.0,1.0,67.0,102.0,146.54703799833888
99.0,104.0,1.0,25.0,99.0,158.39153064661113
94.0,98.0,1.0,20.0,100.0,159.59357719004916
102.0,104.0,1.0,0.0,96.0,148.5026423987777
92.0,101.0,1.0,66.0,96.0,164.629648266627
94.0,105.0,1.0,48.0,94.0,159.2864909677699
100.0,106.0,1.0,46.0,103.0,163.62316066072293
98.0,95.0,1.0,25.0,103.0,145.0549220596278
98.0,103.0,1.0,48.0,98.0,155.11025466269498
97.0,94.0,1.0,22.0,96.0,149.46269913419914
101.0,101.0,1.0,74.0,93.0,149.93150097462583
103.0,102.0,1.0,24.0,104.0,169.12744414195868
102.0,100.0,1.0,50.0,105.0,154.64531104813716
103.0,105.0,1.0,27.0,109.0,165.94428890192245
95.0,106.0,1.0,51.0,96.0,161.10721515151516
97.0,94.0,1.0,71.0,103.0,148.33195238095237
103.0,115.0,1.0,81.0,110.0,169.92549230355584
101.0,105.0,1.0,0.0,103.0,157.49045996001792
98.0,102.0,1.0,21.0,97.0,162.7547972027972
105.0,103.0,1.0,49.0,109.0,157.4998942829748
103.0,100.0,1.0,28.0,101.0,155.59163799833885
102.0,90.0,1.0,41.0,102.0,147.75094974358973
97.0,102.0,1.0,77.0,100.0,155.66835999417248
96.0,96.0,1.0,21.0,99.0,154.56503807334815
98.0,95.0,1.0,68.0,95.0,146.79472727272724
94.0,97.0,1.0,46.0,99.0,151.88350257812363
102.0,102.0,1.0,27.0,106.0,146.91116880679368
94.0,100.0,1.0,23.0,103.0,163.46153466024958
103.0,110.0,1.0,85.0,108.0,158.7666378870674
94.0,105.0,1.0,52.0,94.0,167.66794799283156
102.0,108.0,1.0,43.0,96.0,157.47130557786073
95.0,104.0,1.0,24.0,98.0,155.3468110536724
102.0,93.0,1.0,23.0,100.0,150.6194825177926
109.0,105.0,1.0,22.0,110.0,160.20930253208002
105.0,104.0,1.0,0.0,108.0,165.34449414195868
94.0,108.0,1.0,47.0,93.0,163.84164651680234
97.0,104.0,1.0,22.0,99.0,160.5386217642007
102.0,95.0,1.0,31.0,104.0,140.87874202621092
102.0,101.0,1.0,0.0,108.0,150.044349486579
93.0,106.0,1.0,43.0,99.0,156.44360531946282
105.0,111.0,1.0,49.0,105.0,167.44171481014433
101.0,100.0,1.0,24.0,101.0,152.36748293893592
108.0,100.0,1.0,24.0,112.0,150.27891179121266
100.0,100.0,1.0,49.0,102.0,145.94494840857084
95.0,94.0,1.0,22.0,104.0,153.7270571235782
102.0,104.0,1.0,25.0,93.0,164.92219147157192
101.0,102.0,1.0,0.0,105.0,152.58426299054472
94.0,102.0,1.0,26.0,95.0,164.9504577371727
110.0,112.0,1.0,56.0,112.0,167.3147321953514
105.0,101.0,1.0,28.0,108.0,153.34513775616824
105.0,105.0,1.0,25.0,115.0,156.3190168177943
101.0,97.0,1.0,25.0,102.0,153.02276920044932
98.0,102.0,1.0,47.0,99.0,152.46885976820423
98.0,98.0,1.0,41.0,100.0,147.44957048214945
103.0,106.0,1.0,23.0,101.0,164.1654187442992
100.0,102.0,1.0,28.0,96.0,161.9521335930736
103.0,110.0,1.0,53.0,111.0,163.23575817057795
95.0,90.0,1.0,22.0,105.0,149.8611873340074
98.0,105.0,1.0,24.0,108.0,152.6583175251339
103.0,104.0,1.0,58.0,106.0,151.79142133428982
101.0,99.0,1.0,27.0,106.0,154.53796572943128
93.0,108.0,1.0,0.0,91.0,151.3923418935564
99.0,99.0,1.0,26.0,100.0,161.65447619047617
99.0,95.0,1.0,23.0,99.0,148.37779153069155
102.0,98.0,1.0,52.0,100.0,146.0290514540499
97.0,100.0,1.0,22.0,97.0,154.75349547974548
94.0,115.0,1.0,26.0,86.0,165.21674983419643
104.0,104.0,1.0,51.0,115.0,145.827883458381
103.0,106.0,1.0,47.0,112.0,151.5673234074868
103.0,100.0,1.0,48.0,102.0,149.16715009078487
98.0,102.0,1.0,18.0,93.0,154.0714373770706
105.0,91.0,1.0,71.0,106.0,148.40012066734076
106.0,119.0,1.0,57.0,116.0,178.1037151243721
107.0,96.0,1.0,78.0,111.0,154.26210253378267
103.0,102.0,1.0,81.0,106.0,155.9720441813089
100.0,96.0,1.0,26.0,103.0,153.62130515511654
103.0,104.0,1.0,23.0,107.0,167.1188033596838
99.0,101.0,1.0,29.0,101.0,147.55376470588234
103.0,99.0,1.0,24.0,116.0,147.37518123362707
97.0,105.0,1.0,76.0,98.0,149.06135610175608
96.0,106.0,1.0,50.0,91.0,147.80830189355638
108.0,102.0,1.0,50.0,115.0,162.6650056022409
103.0,95.0,1.0,75.0,108.0,152.17091691982245
105.0,97.0,1.0,51.0,115.0,150.3756197897341
97.0,101.0,1.0,64.0,101.0,147.25394908244078
106.0,97.0,1.0,49.0,103.0,151.5778381435388
108.0,108.0,1.0,44.0,111.0,159.4367443075485
101.0,104.0,1.0,23.0,106.0,165.88128496503498
104.0,96.0,1.0,20.0,104.0,147.96405468858626
99.0,110.0,1.0,22.0,97.0,156.98865952498764
104.0,91.0,1.0,21.0,111.0,146.62343413672852
98.0,95.0,1.0,51.0,97.0,148.2595240959542
99.0,101.0,1.0,20.0,102.0,155.56188044772566
98.0,109.0,1.0,22.0,97.0,161.66060966995263
105.0,102.0,1.0,51.0,101.0,148.5619752321981
101.0,105.0,1.0,30.0,116.0,156.0217535708761
103.0,98.0,1.0,22.0,100.0,158.83348354370088
102.0,101.0,1.0,82.0,107.0,164.88610976890757
96.0,107.0,1.0,68.0,101.0,159.32971556434956
102.0,101.0,1.0,68.0,108.0,148.22103389241482
103.0,101.0,1.0,83.0,103.0,154.84245419011884
98.0,114.0,1.0,26.0,95.0,164.74154033987242
107.0,92.0,1.0,27.0,107.0,148.1843037019459
104.0,108.0,1.0,78.0,113.0,161.07869986310408
102.0,111.0,1.0,21.0,103.0,152.55166923100978
99.0,99.0,1.0,26.0,99.0,155.4837033618985
102.0,94.0,1.0,23.0,114.0,148.54868538627676
98.0,115.0,1.0,26.0,91.0,164.28607796312096
112.0,101.0,1.0,50.0,115.0,151.43232817337463
104.0,99.0,1.0,21.0,112.0,154.08519398603718
95.0,97.0,1.0,21.0,97.0,150.46088354370085
105.0,98.0,1.0,29.0,113.0,147.91990705982045
107.0,103.0,1.0,25.0,107.0,147.90071334680528
103.0,107.0,1.0,54.0,100.0,158.3506496302836
104.0,107.0,1.0,53.0,99.0,159.55115395772327
97.0,102.0,1.0,53.0,97.0,149.64911499024498
104.0,109.0,1.0,27.0,114.0,148.51561575507395
98.0,106.0,1.0,48.0,92.0,157.53795150915386
95.0,113.0,1.0,0.0,96.0,167.25692389335353
101.0,103.0,1.0,71.0,102.0,153.4292920818088
100.0,92.0,1.0,24.0,99.0,146.00970370194588
96.0,108.0,1.0,23.0,92.0,162.48388039951436
100.0,106.0,1.0,74.0,99.0,150.0187338115734
100.0,98.0,1.0,22.0,100.0,162.11710837517936
105.0,108.0,1.0,23.0,102.0,161.94527881047247
102.0,99.0,1.0,51.0,104.0,155.73643013217784
107.0,97.0,1.0,26.0,103.0,151.64279967199104
105.0,97.0,1.0,26.0,105.0,151.21050972965912
99.0,107.0,1.0,52.0,93.0,156.59926223776225
94.0,97.0,1.0,67.0,96.0,150.98321908150908
110.0,111.0,1.0,56.0,106.0,168.11132601798758
106.0,90.0,1.0,26.0,111.0,146.22342463217845
95.0,98.0,1.0,48.0,94.0,151.69539411205034
106.0,95.0,1.0,24.0,104.0,147.279118640767
95.0,103.0,1.0,50.0,101.0,155.4329021218279
100.0,99.0,1.0,55.0,103.0,149.75737415155223
97.0,101.0,1.0,22.0,98.0,154.31496934088239
103.0,101.0,1.0,52.0,100.0,151.19384560224088
100.0,101.0,1.0,20.0,97.0,156.01911723577194
99.0,100.0,1.0,20.0,102.0,155.84100909076972
103.0,105.0,1.0,49.0,104.0,150.59266150670794
104.0,102.0,1.0,23.0,99.0,160.82665867217742
98.0,92.0,1.0,46.0,98.0,149.8686518475981
96.0,108.0,1.0,51.0,96.0,166.8674336972751
102.0,110.0,1.0,31.0,100.0,162.23674545532776
99.0,101.0,1.0,55.0,100.0,149.1411314757482
103.0,102.0,1.0,50.0,102.0,149.2455738520394
106.0,99.0,1.0,81.0,105.0,152.19570960062265
98.0,108.0,1.0,24.0,102.0,162.33546726778127
107.0,122.0,1.0,52.0,113.0,170.9274254772895
103.0,108.0,1.0,27.0,104.0,161.70055113122172
95.0,94.0,1.0,23.0,97.0,149.335315643044
101.0,99.0,1.0,20.0,99.0,153.4122607537409
107.0,101.0,1.0,47.0,107.0,157.80043153359262
106.0,102.0,1.0,26.0,106.0,153.45443740259742
105.0,104.0,1.0,25.0,98.0,157.83207550091103
97.0,93.0,1.0,66.0,96.0,147.24869462834675
96.0,97.0,1.0,47.0,97.0,151.83532273330118
104.0,102.0,1.0,81.0,110.0,157.67992699192698
103.0,107.0,1.0,27.0,102.0,160.99202976778128
96.0,101.0,1.0,0.0,96.0,152.91793872364192
99.0,106.0,1.0,26.0,104.0,153.2018244026355
103.0,108.0,1.0,82.0,110.0,163.5540540780142
105.0,103.0,1.0,24.0,104.0,157.33397827107507
109.0,100.0,1.0,51.0,114.0,163.12481212486284
104.0,122.0,1.0,29.0,101.0,165.5194982045622
102.0,94.0,1.0,25.0,98.0,152.05953341476038
110.0,101.0,1.0,26.0,108.0,153.76346467532466
97.0,91.0,1.0,23.0,97.0,148.8916254516564
102.0,107.0,1.0,26.0,101.0,157.93065572232643
98.0,107.0,1.0,20.0,98.0,149.35708333333332
94.0,92.0,1.0,69.0,89.0,144.706106200928
107.0,98.0,1.0,33.0,109.0,145.7905828669734
109.0,99.0,1.0,45.0,113.0,154.38480129428143
99.0,102.0,1.0,75.0,103.0,162.45105519415196
98.0,103.0,1.0,26.0,103.0,158.49221753246752
98.0,96.0,1.0,73.0,97.0,146.95011329393
101.0,99.0,1.0,25.0,101.0,161.73274551986748
99.0,123.0,1.0,28.0,96.0,165.64215037847526
106.0,111.0,1.0,51.0,102.0,159.64469870129867
104.0,109.0,1.0,18.0,107.0,160.32203313891833
99.0,106.0,1.0,23.0,105.0,157.60086085053157
105.0,104.0,1.0,76.0,106.0,158.00124172401584
102.0,105.0,1.0,22.0,99.0,148.04655
111.0,95.0,1.0,24.0,112.0,144.8928386809269
96.0,90.0,1.0,70.0,91.0,142.73545620092798
102.0,95.0,1.0,21.0,103.0,149.8316094282739
107.0,88.0,1.0,47.0,109.0,144.6273593393903
92.0,95.0,1.0,21.0,86.0,152.04941280920744
106.0,102.0,1.0,32.0,110.0,157.54674115650013
106.0,99.0,1.0,26.0,110.0,147.07542790565404
102.0,121.0,1.0,27.0,103.0,163.0522394028655
108.0,102.0,1.0,48.0,104.0,158.942570473644
105.0,103.0,1.0,27.0,106.0,154.8392639393939
105.0,104.0,1.0,49.0,109.0,152.35933749583748
99.0,112.0,1.0,30.0,100.0,162.6890345083488
99.0,96.0,1.0,75.0,107.0,144.31883868092692
98.0,106.0,1.0,46.0,102.0,158.3331931679487
105.0,94.0,1.0,23.0,107.0,152.97360773027813
111.0,106.0,1.0,84.0,103.0,156.0222454659162
97.0,106.0,1.0,50.0,95.0,150.35975000000002
101.0,93.0,1.0,45.0,95.0,139.7157926289926
102.0,101.0,1.0,25.0,99.0,158.43708594539936
106.0,103.0,1.0,23.0,106.0,161.9315538714908
104.0,102.0,1.0,44.0,106.0,151.2064520491803
110.0,103.0,1.0,62.0,103.0,163.6433886554622
105.0,110.0,1.0,19.0,106.0,160.87033936651582
92.0,101.0,1.0,30.0,89.0,155.88510730344922
104.0,102.0,1.0,25.0,101.0,161.76428035379257
96.0,101.0,1.0,66.0,99.0,151.31555946275947
100.0,104.0,1.0,48.0,102.0,151.07430393939393
99.0,100.0,1.0,45.0,102.0,148.2082733957219
95.0,104.0,1.0,46.0,81.0,164.46060387149083
106.0,109.0,1.0,73.0,110.0,164.1839613376171
97.0,100.0,1.0,69.0,92.0,153.77626935467634
100.0,105.0,1.0,77.0,91.0,154.21755094970183
102.0,101.0,1.0,24.0,97.0,161.90293505896096
104.0,89.0,1.0,24.0,97.0,139.71960503813727
101.0,107.0,1.0,47.0,104.0,164.0039176583233
109.0,107.0,1.0,52.0,108.0,165.41807790591224
94.0,103.0,1.0,52.0,88.0,150.29283435480508
99.0,101.0,1.0,74.0,90.0,158.28320886686544
100.0,106.0,1.0,85.0,96.0,148.57763256038174
110.0,101.0,1.0,86.0,104.0,158.20088917748916
100.0,109.0,1.0,29.0,94.0,163.2037805429864
101.0,94.0,1.0,70.0,105.0,158.03778464839547
100.0,104.0,1.0,53.0,100.0,166.55202601809953
94.0,103.0,1.0,23.0,87.0,145.91085453216374
93.0,102.0,1.0,65.0,80.0,146.48816730556265
97.0,100.0,1.0,51.0,92.0,140.8253254916512
110.0,101.0,1.0,27.0,113.0,147.4168188502674
102.0,100.0,1.0,25.0,96.0,151.2356811193822
106.0,117.0,1.0,88.0,107.0,163.1458862075265
104.0,104.0,1.0,50.0,103.0,151.873294057971
94.0,102.0,1.0,70.0,90.0,164.6465559332559
97.0,91.0,1.0,46.0,98.0,140.3010287954206
109.0,109.0,1.0,82.0,108.0,162.44822367527945
97.0,110.0,1.0,57.0,94.0,168.77867302786345
101.0,105.0,1.0,74.0,98.0,151.4515489509443
101.0,105.0,1.0,27.0,96.0,145.49421039426525
95.0,100.0,1.0,50.0,97.0,152.63472108379426
100.0,101.0,1.0,77.0,96.0,144.25061697191694
110.0,89.0,1.0,25.0,109.0,136.40963241325343
104.0,92.0,1.0,68.0,99.0,139.5668068237795
104.0,98.0,1.0,45.0,100.0,146.46349011857706
102.0,104.0,1.0,75.0,98.0,162.28679524886877
111.0,101.0,1.0,28.0,114.0,152.5485347593583
103.0,114.0,1.0,55.0,94.0,158.40898403361342
96.0,101.0,1.0,53.0,94.0,151.23867913866704
103.0,97.0,1.0,46.0,108.0,139.7665263814617
100.0,102.0,1.0,49.0,106.0,154.53302871033105
93.0,100.0,1.0,74.0,91.0,155.05010102300398
97.0,102.0,1.0,74.0,98.0,148.39572262939956
101.0,90.0,1.0,74.0,100.0,139.33588410244266
103.0,92.0,1.0,66.0,102.0,153.7480252022257
110.0,102.0,1.0,27.0,108.0,142.74743160589645
109.0,99.0,1.0,76.0,108.0,156.6976784144427
108.0,101.0,1.0,83.0,113.0,152.57682637362637
97.0,111.0,1.0,74.0,97.0,161.58547877732025
102.0,89.0,1.0,40.0,98.0,138.28210541765876
101.0,108.0,1.0,77.0,97.0,165.25292302786346
108.0,99.0,1.0,85.0,111.0,158.3935564102564
109.0,100.0,1.0,73.0,110.0,163.28768349923834
99.0,101.0,1.0,53.0,101.0,153.08396337118214
107.0,113.0,1.0,58.0,113.0,157.82589381622216
107.0,90.0,1.0,75.0,106.0,141.02045791855204
100.0,102.0,1.0,80.0,96.0,149.28716181818183
90.0,100.0,1.0,64.0,83.0,147.69423874875358
101.0,89.0,1.0,60.0,92.0,142.99647704103464
109.0,86.0,1.0,20.0,111.0,137.13400285355618
102.0,104.0,1.0,78.0,96.0,143.49160647269662
109.0,104.0,1.0,81.0,110.0,158.25414552669554
99.0,98.0,1.0,75.0,98.0,149.09851774366516
95.0,103.0,1.0,50.0,100.0,149.02442132078164
106.0,101.0,1.0,78.0,104.0,146.5231504916512
101.0,103.0,1.0,73.0,97.0,144.22482021899668
105.0,96.0,1.0,50.0,99.0,135.34790638146168
96.0,108.0,1.0,75.0,95.0,149.19276518883413
103.0,104.0,1.0,89.0,104.0,162.1739440084738
100.0,101.0,1.0,69.0,107.0,146.31202419826343
94.0,100.0,1.0,45.0,96.0,144.65486233277025
109.0,100.0,1.0,30.0,114.0,147.45321648904869
104.0,107.0,1.0,53.0,99.0,148.33260576212646
99.0,90.0,1.0,70.0,98.0,138.69843759081473
107.0,102.0,1.0,76.0,109.0,150.0371550337861
107.0,104.0,1.0,27.0,105.0,159.81864552669555
108.0,102.0,1.0,74.0,106.0,160.2067475213675
97.0,92.0,1.0,72.0,94.0,149.84447385589368
101.0,100.0,1.0,80.0,96.0,149.04851702226344
100.0,89.0,1.0,68.0,93.0,144.95325045957534
109.0,100.0,1.0,56.0,108.0,151.20919081632653
93.0,99.0,1.0,66.0,92.0,143.1019902870239
103.0,88.0,1.0,75.0,104.0,141.80505045957534
106.0,104.0,1.0,78.0,107.0,147.93736751165767
101.0,100.0,1.0,72.0,105.0,151.13160686048414
110.0,111.0,1.0,86.0,109.0,158.10538313087298
111.0,101.0,1.0,74.0,107.0,149.58606931950038
109.0,109.0,1.0,55.0,103.0,162.7572454662984
97.0,99.0,1.0,75.0,97.0,153.80482185596742
102.0,99.0,1.0,46.0,99.0,148.99877077476296
101.0,97.0,1.0,70.0,103.0,144.02702545333764
94.0,105.0,1.0,21.0,100.0,160.31048789054083
101.0,101.0,1.0,75.0,106.0,149.42644114178503
111.0,112.0,1.0,63.0,117.0,167.08679682539682
89.0,107.0,1.0,78.0,87.0,143.44097227796357
97.0,94.0,1.0,22.0,99.0,146.88527472527474
110.0,104.0,1.0,81.0,110.0,159.91192970760235
95.0,98.0,1.0,73.0,104.0,144.14466690889753
108.0,103.0,1.0,80.0,110.0,152.29476983016986
96.0,98.0,1.0,74.0,92.0,148.43459161433802
110.0,99.0,1.0,51.0,113.0,147.64852137946087
109.0,103.0,1.0,85.0,102.0,148.71405536273443
98.0,103.0,1.0,49.0,103.0,145.9347618109508
101.0,106.0,1.0,43.0,100.0,148.54398692640694
100.0,105.0,1.0,77.0,104.0,148.20000465539187
100.0,86.0,1.0,66.0,103.0,143.97740764732345
105.0,114.0,1.0,80.0,108.0,165.55463313087296
112.0,102.0,1.0,87.0,121.0,154.338475070028
89.0,88.0,1.0,67.0,92.0,145.7720578926108
100.0,103.0,1.0,23.0,96.0,152.1148565091065
100.0,97.0,1.0,45.0,94.0,145.70288698611762
96.0,95.0,1.0,19.0,102.0,146.36843836163834
107.0,95.0,1.0,75.0,106.0,151.090019253687
102.0,102.0,1.0,84.0,104.0,144.54971447182535
100.0,100.0,1.0,79.0,93.0,149.5713482552535
97.0,101.0,1.0,51.0,101.0,156.80523846691864
97.0,98.0,1.0,84.0,102.0,151.1198363118363
100.0,93.0,1.0,77.0,97.0,145.5580467115684
101.0,111.0,1.0,49.0,95.0,176.1684111111111
96.0,97.0,1.0,69.0,102.0,151.71460235435134
106.0,104.0,1.0,57.0,107.0,146.64078707005146
97.0,103.0,1.0,75.0,91.0,158.1713352631579
93.0,110.0,1.0,75.0,93.0,169.47833621933623
94.0,98.0,1.0,67.0,102.0,137.1581913937467
104.0,95.0,1.0,79.0,106.0,152.34466349642418
96.0,116.0,1.0,72.0,100.0,166.6947062440805
107.0,102.0,1.0,80.0,104.0,145.0206224489796
110.0,95.0,1.0,29.0,110.0,143.85549021787742
97.0,101.0,1.0,78.0,95.0,148.79233635640531
103.0,109.0,1.0,53.0,107.0,151.66376643982488
97.0,111.0,1.0,77.0,105.0,155.2584828933513
102.0,95.0,1.0,73.0,99.0,152.25241234045885
107.0,104.0,1.0,73.0,101.0,149.1173635546843
96.0,101.0,1.0,78.0,103.0,154.90088373314236
97.0,92.0,1.0,74.0,94.0,146.36687481967653
99.0,100.0,1.0,70.0,100.0,146.3715261522771
107.0,99.0,1.0,53.0,100.0,160.59225226381884
109.0,104.0,1.0,56.0,108.0,146.38112632952632
96.0,89.0,1.0,52.0,93.0,146.38654017094018
109.0,112.0,1.0,73.0,103.0,175.96877843297844
108.0,103.0,1.0,79.0,108.0,153.9380574853801
101.0,99.0,1.0,75.0,99.0,149.71114903114903
99.0,104.0,1.0,53.0,96.0,151.41136432867395
102.0,102.0,1.0,72.0,96.0,155.61456573964588
95.0,97.0,1.0,69.0,100.0,150.8842893034314
106.0,98.0,1.0,81.0,99.0,152.0554891819349
101.0,99.0,1.0,27.0,104.0,145.8221738095238
106.0,109.0,1.0,76.0,117.0,168.43009975429973
112.0,104.0,1.0,80.0,117.0,145.61740338580336
90.0,100.0,1.0,71.0,94.0,150.58047161264722
110.0,98.0,1.0,58.0,112.0,153.12139747078317
106.0,96.0,1.0,69.0,106.0,151.2035278623008
98.0,93.0,1.0,50.0,105.0,144.22579107748464
104.0,101.0,1.0,81.0,101.0,147.319847985348
104.0,93.0,1.0,77.0,110.0,143.89224864864863
94.0,107.0,1.0,68.0,96.0,161.96309836829838
99.0,107.0,1.0,83.0,96.0,153.6576317469494
98.0,97.0,1.0,96.0,100.0,145.63622065266003
101.0,100.0,1.0,96.0,95.0,152.6734884132647
107.0,105.0,1.0,107.0,114.0,155.90705278826923
97.0,102.0,1.0,93.0,105.0,150.68304238095237
100.0,96.0,1.0,95.0,98.0,146.82154991324347
106.0,97.0,1.0,100.0,98.0,153.19420934378232
104.0,111.0,1.0,109.0,108.0,155.8661600754905
99.0,91.0,1.0,69.0,104.0,145.18844683760682
107.0,106.0,1.0,105.0,116.0,157.89694752511133
96.0,101.0,1.0,90.0,101.0,147.62119238095238
98.0,98.0,1.0,97.0,99.0,144.2877762082156
101.0,100.0,1.0,94.0,92.0,150.4975766067213
100.0,91.0,1.0,94.0,106.0,145.6805106785278
100.0,97.0,1.0,97.0,97.0,145.85375770545124
105.0,98.0,1.0,95.0,97.0,148.8375939591669
104.0,113.0,1.0,114.0,112.0,157.2741035783154
91.0,95.0,1.0,97.0,96.0,146.98539002875194
109.0,107.0,1.0,111.0,116.0,173.28844618366128
107.0,99.0,1.0,101.0,100.0,150.67545075431502
95.0,93.0,1.0,95.0,95.0,151.87203980761717
112.0,105.0,1.0,117.0,108.0,159.9949430235773
103.0,99.0,1.0,97.0,101.0,146.58678624499652
90.0,93.0,1.0,91.0,96.0,145.8945063078217
96.0,94.0,1.0,107.0,93.0,144.31717557063388
105.0,98.0,1.0,103.0,100.0,150.71944969386965
106.0,99.0,1.0,100.0,98.0,147.83040850770968
95.0,94.0,1.0,97.0,97.0,150.8602650328424
113.0,108.0,1.0,116.0,110.0,161.51662888216316
109.0,105.0,1.0,113.0,112.0,171.1745577975376
102.0,99.0,1.0,95.0,97.0,147.02313219094248
96.0,96.0,1.0,93.0,96.0,143.3512997137795
95.0,95.0,1.0,105.0,95.0,141.01861938286717
105.0,97.0,1.0,99.0,97.0,149.6238990226148
106.0,105.0,1.0,105.0,107.0,159.77633015441992
97.0,98.0,1.0,96.0,98.0,153.82140527828523
100.0,94.0,1.0,99.0,103.0,145.49246233823766
100.0,99.0,1.0,92.0,91.0,145.66293761579965
105.0,101.0,1.0,99.0,100.0,148.50883646723645
107.0,114.0,1.0,118.0,116.0,161.95882163194213
89.0,93.0,1.0,93.0,93.0,144.6659385097661
109.0,109.0,1.0,111.0,110.0,160.7261501712408
105.0,97.0,1.0,97.0,98.0,151.31596527828523
113.0,108.0,1.0,113.0,114.0,162.3714370165575
103.0,97.0,1.0,100.0,98.0,145.06743498575497
102.0,100.0,1.0,100.0,97.0,144.76813684210526
97.0,95.0,1.0,95.0,93.0,144.85581606078654
106.0,104.0,1.0,104.0,103.0,156.52772159981222
97.0,97.0,1.0,92.0,96.0,153.41540527828522
99.0,99.0,1.0,97.0,97.0,144.89498139534885
106.0,103.0,1.0,103.0,105.0,150.6706300805153
110.0,99.0,1.0,107.0,106.0,154.12787726708075
99.0,92.0,1.0,57.0,94.0,143.49352556966844
99.0,96.0,1.0,97.0,99.0,144.63683116523117
105.0,102.0,1.0,105.0,109.0,150.97655949228002
110.0,101.0,1.0,109.0,111.0,154.11476857142856
98.0,93.0,1.0,83.0,94.0,145.35209699823986
98.0,95.0,1.0,93.0,95.0,141.20930296010297
104.0,101.0,1.0,100.0,105.0,150.98577205266648
91.0,91.0,1.0,88.0,93.0,141.6641429828075
104.0,107.0,1.0,110.0,108.0,156.48731114982576
97.0,98.0,1.0,95.0,101.0,140.32108038524785
105.0,112.0,1.0,111.0,113.0,154.34892124736348
91.0,91.0,1.0,86.0,90.0,138.50722631614084
106.0,108.0,1.0,110.0,111.0,158.45679285714283
97.0,96.0,1.0,94.0,99.0,135.5812387430191
104.0,112.0,1.0,112.0,115.0,151.61932124736344
111.0,102.0,1.0,109.0,112.0,157.07605612244896
95.0,88.0,1.0,84.0,82.0,141.01437778157512
96.0,95.0,1.0,92.0,94.0,136.92332672436402
105.0,101.0,1.0,98.0,98.0,153.03310340638092
92.0,89.0,1.0,86.0,88.0,147.21960505430243
105.0,107.0,1.0,108.0,107.0,157.277219126112
97.0,88.0,1.0,90.0,97.0,144.3578907685881
105.0,98.0,1.0,106.0,107.0,153.41157399461622
97.0,89.0,1.0,93.0,95.0,146.86618937969928
104.0,98.0,1.0,108.0,106.0,152.78658365645197
92.0,93.0,1.0,90.0,91.0,135.47132282651455
106.0,106.0,1.0,108.0,109.0,153.54450003672181
92.0,92.0,1.0,90.0,89.0,137.40515819915083
105.0,107.0,1.0,106.0,105.0,152.21505105712998
96.0,90.0,1.0,96.0,96.0,138.91419880107213
102.0,96.0,1.0,98.0,99.0,147.43731662489557
92.0,92.0,1.0,88.0,92.0,137.2645974721685
105.0,105.0,1.0,104.0,108.0,146.19731662489556
97.0,97.0,1.0,50.0,99.0,149.08672218045112
97.0,97.0,1.0,73.0,100.0,150.86693465608465
106.0,94.0,1.0,104.0,105.0,140.8433320666768
107.0,96.0,1.0,107.0,109.0,143.65572963259973
97.0,96.0,1.0,92.0,97.0,152.95653434496202
96.0,93.0,-1.0,0.0,101.0,150.21367542118878
93.0,95.0,-1.0,0.0,91.0,154.7185277768663
91.0,103.0,-1.0,0.0,98.0,150.9114478409014
104.0,108.0,-1.0,0.0,105.0,164.69881539637538
90.0,97.0,-1.0,0.0,93.0,158.79463378622336
93.0,104.0,-1.0,28.0,106.0,150.88088489015328
106.0,97.0,-1.0,25.0,111.0,154.6935852813577
94.0,91.0,-1.0,25.0,92.0,149.48403938515273
98.0,100.0,-1.0,27.0,98.0,143.47618051772787
97.0,92.0,-1.0,24.0,98.0,150.19566940161687
89.0,95.0,-1.0,19.0,88.0,150.16195662264903
97.0,99.0,-1.0,0.0,94.0,140.1629601392664
101.0,96.0,-1.0,20.0,101.0,150.72244397700985
105.0,102.0,-1.0,0.0,109.0,156.84135316205533
103.0,96.0,-1.0,24.0,107.0,148.7423471320026
102.0,102.0,-1.0,0.0,106.0,162.25843209110317
96.0,96.0,-1.0,28.0,102.0,143.61696116022503
98.0,108.0,-1.0,27.0,101.0,163.29495465207765
101.0,105.0,-1.0,52.0,102.0,153.72073345898005
103.0,104.0,-1.0,25.0,95.0,151.72996461988302
98.0,93.0,-1.0,25.0,101.0,150.92188795163833
94.0,99.0,-1.0,46.0,91.0,153.8659655766988
102.0,99.0,-1.0,23.0,96.0,143.4821781572844
97.0,91.0,-1.0,0.0,96.0,150.54597840109173
91.0,104.0,-1.0,0.0,95.0,157.0606922924901
101.0,95.0,-1.0,22.0,97.0,146.24526231229333
101.0,103.0,-1.0,0.0,92.0,153.9773346681922
94.0,98.0,-1.0,20.0,103.0,153.6068724096361
92.0,101.0,-1.0,24.0,85.0,153.89749915262215
103.0,104.0,-1.0,0.0,104.0,155.71533291832785
99.0,97.0,-1.0,0.0,106.0,154.92294643401232
92.0,104.0,-1.0,0.0,91.0,162.04780173614603
103.0,105.0,-1.0,0.0,91.0,156.43331563901174
107.0,102.0,-1.0,0.0,113.0,143.7084581854492
99.0,103.0,-1.0,25.0,98.0,158.32361292906177
98.0,102.0,-1.0,24.0,97.0,157.88066389476157
98.0,103.0,-1.0,25.0,102.0,154.35638003952567
96.0,105.0,-1.0,22.0,98.0,158.7790957896103
91.0,103.0,-1.0,0.0,79.0,147.32004875474186
95.0,112.0,-1.0,0.0,95.0,162.2247226827682
101.0,97.0,-1.0,0.0,95.0,154.11965783473732
102.0,105.0,-1.0,0.0,99.0,149.99873717948716
94.0,96.0,-1.0,22.0,89.0,154.6899291724023
92.0,106.0,-1.0,22.0,93.0,155.23232470355728
101.0,106.0,-1.0,25.0,105.0,149.87724546357316
103.0,99.0,-1.0,28.0,94.0,160.19049123335412
95.0,105.0,-1.0,0.0,100.0,158.57587608695653
90.0,105.0,-1.0,0.0,96.0,158.663336521181
98.0,92.0,-1.0,22.0,102.0,150.57452970104174
106.0,91.0,-1.0,0.0,102.0,141.67748951266125
96.0,101.0,-1.0,19.0,97.0,155.03747399577168
103.0,93.0,-1.0,21.0,105.0,146.3959157857646
100.0,99.0,-1.0,27.0,100.0,147.5852837926233
102.0,105.0,-1.0,0.0,102.0,150.32100056561399
88.0,96.0,-1.0,20.0,84.0,145.32146837033935
105.0,104.0,-1.0,0.0,107.0,160.05440294117648
98.0,104.0,-1.0,26.0,104.0,155.9340470474968
103.0,99.0,-1.0,24.0,107.0,156.3145299277606
95.0,106.0,-1.0,0.0,91.0,146.60995146520148
96.0,97.0,-1.0,27.0,105.0,156.37922582311998
107.0,94.0,-1.0,0.0,109.0,144.29027133084307
102.0,100.0,-1.0,18.0,104.0,157.50850599613665
101.0,100.0,-1.0,23.0,96.0,153.44995219015217
99.0,93.0,-1.0,0.0,105.0,150.9512243949193
98.0,100.0,-1.0,0.0,94.0,154.98286917213755
96.0,98.0,-1.0,26.0,105.0,149.67458098039216
100.0,105.0,-1.0,22.0,97.0,153.2650605875731
102.0,103.0,-1.0,25.0,93.0,157.85520943152454
103.0,106.0,-1.0,0.0,104.0,154.73590488721806
101.0,101.0,-1.0,0.0,101.0,158.3493851955498
99.0,103.0,-1.0,0.0,107.0,145.12397187336472
91.0,101.0,-1.0,47.0,87.0,153.8991620041565
103.0,98.0,-1.0,0.0,108.0,153.66211985961428
102.0,95.0,-1.0,0.0,105.0,151.17362562537895
100.0,102.0,-1.0,0.0,105.0,156.53970215311003
103.0,104.0,-1.0,55.0,103.0,152.1570688212044
95.0,100.0,-1.0,0.0,97.0,147.39693059494886
109.0,105.0,-1.0,0.0,117.0,146.90155952787816
105.0,97.0,-1.0,22.0,104.0,162.4199657078286
90.0,114.0,-1.0,26.0,94.0,169.7073540104414
95.0,107.0,-1.0,0.0,91.0,159.63455488721803
92.0,105.0,-1.0,0.0,98.0,145.55157425431713
96.0,97.0,-1.0,0.0,96.0,154.7798391711619
99.0,95.0,-1.0,24.0,98.0,148.03595227625942
102.0,103.0,-1.0,52.0,108.0,149.78539192010606
106.0,101.0,-1.0,0.0,109.0,159.15389682345676
104.0,99.0,-1.0,26.0,106.0,157.05702853236454
106.0,102.0,-1.0,58.0,102.0,152.70505439106486
97.0,105.0,-1.0,0.0,106.0,157.41909844172272
102.0,100.0,-1.0,0.0,95.0,161.88859501277608
98.0,94.0,-1.0,22.0,111.0,146.910658008658
104.0,104.0,-1.0,28.0,109.0,152.28688524632514
92.0,100.0,-1.0,47.0,97.0,154.2113014285714
101.0,106.0,-1.0,0.0,101.0,145.7537265037594
95.0,96.0,-1.0,20.0,92.0,150.9823467903525
104.0,102.0,-1.0,29.0,100.0,157.9265622975176
92.0,104.0,-1.0,0.0,93.0,142.8167104862012
98.0,91.0,-1.0,0.0,108.0,146.7188915102662
104.0,101.0,-1.0,26.0,103.0,155.50299315132753
101.0,93.0,-1.0,28.0,99.0,160.30439845537757
100.0,99.0,-1.0,0.0,94.0,158.65433540372672
95.0,96.0,-1.0,0.0,101.0,157.32732321822067
95.0,101.0,-1.0,22.0,102.0,157.82067660455488
110.0,95.0,-1.0,0.0,117.0,161.4671177536232
105.0,99.0,-1.0,23.0,103.0,143.19740909652654
102.0,101.0,-1.0,0.0,107.0,159.87478332602018
104.0,97.0,-1.0,23.0,100.0,156.277902636605
95.0,107.0,-1.0,0.0,92.0,158.89069844172275
94.0,104.0,-1.0,0.0,89.0,154.6709405822935
101.0,98.0,-1.0,25.0,100.0,158.13633540372672
97.0,101.0,-1.0,22.0,104.0,158.81785142857143
93.0,96.0,-1.0,0.0,102.0,158.19468832460367
101.0,101.0,-1.0,25.0,100.0,159.7403227422971
94.0,102.0,-1.0,0.0,98.0,157.54061785307314
105.0,97.0,-1.0,25.0,105.0,156.99424385343613
100.0,99.0,-1.0,49.0,102.0,155.1639537458042
102.0,97.0,-1.0,25.0,120.0,152.07025632417628
95.0,107.0,-1.0,25.0,95.0,163.83183011530193
91.0,104.0,-1.0,0.0,93.0,156.44403311446914
93.0,98.0,-1.0,0.0,94.0,157.25485687001463
97.0,107.0,-1.0,25.0,103.0,160.97687804260963
111.0,98.0,-1.0,0.0,113.0,161.6744259960612
93.0,103.0,-1.0,0.0,106.0,154.84292148337596
104.0,102.0,-1.0,0.0,102.0,152.02293245341616
100.0,99.0,-1.0,23.0,101.0,152.9244939115646
104.0,114.0,-1.0,0.0,106.0,167.11530299003323
103.0,100.0,-1.0,0.0,111.0,142.97779845189402
95.0,105.0,-1.0,50.0,94.0,167.96595043299422
98.0,98.0,-1.0,0.0,103.0,159.4306873385013
106.0,103.0,-1.0,0.0,106.0,150.13076955058753
99.0,113.0,-1.0,0.0,95.0,170.01878258186997
106.0,108.0,-1.0,0.0,106.0,163.41013779730343
95.0,97.0,-1.0,22.0,92.0,152.26650122213547
95.0,91.0,-1.0,0.0,100.0,148.12035557487872
105.0,103.0,-1.0,57.0,112.0,158.17836484523835
98.0,101.0,-1.0,0.0,91.0,163.09006091669613
102.0,103.0,-1.0,0.0,109.0,159.12948011191162
105.0,108.0,-1.0,26.0,103.0,157.67083780178737
101.0,98.0,-1.0,48.0,98.0,152.13076629633585
95.0,107.0,-1.0,23.0,97.0,167.14092186156566
106.0,101.0,-1.0,0.0,107.0,153.00104447939492
100.0,109.0,-1.0,22.0,104.0,164.51090401373807
96.0,96.0,-1.0,0.0,99.0,160.0050693276156
100.0,103.0,-1.0,0.0,95.0,158.01182142857147
107.0,108.0,-1.0,26.0,108.0,154.92226864439468
103.0,109.0,-1.0,22.0,101.0,161.4473314480971
90.0,99.0,-1.0,43.0,93.0,154.01792280361758
102.0,97.0,-1.0,0.0,104.0,146.07061066125996
99.0,102.0,-1.0,23.0,105.0,155.7607103601885
100.0,90.0,-1.0,21.0,99.0,147.4755649350649
104.0,103.0,-1.0,0.0,108.0,152.4832647065877
97.0,113.0,-1.0,25.0,90.0,166.08886258186993
90.0,96.0,-1.0,0.0,90.0,153.4165204996901
106.0,103.0,-1.0,0.0,104.0,146.5923970878173
110.0,98.0,-1.0,0.0,107.0,149.51363853194
103.0,95.0,-1.0,0.0,106.0,157.834834526777
105.0,99.0,-1.0,22.0,109.0,145.8613238980145
94.0,104.0,-1.0,0.0,92.0,154.0155681818182
107.0,100.0,-1.0,30.0,110.0,152.00051623714603
98.0,95.0,-1.0,27.0,99.0,153.3232349010584
103.0,113.0,-1.0,0.0,105.0,167.08158956599692
103.0,95.0,-1.0,0.0,111.0,162.4403169358408
100.0,99.0,-1.0,0.0,102.0,156.53611719652895
97.0,97.0,-1.0,24.0,93.0,147.31071165311653
95.0,105.0,-1.0,0.0,90.0,155.4717929178722
102.0,102.0,-1.0,27.0,102.0,151.15190399224807
98.0,94.0,-1.0,22.0,98.0,152.3455768933414
98.0,97.0,-1.0,25.0,94.0,144.42131224863803
90.0,106.0,-1.0,0.0,89.0,167.17587259446654
103.0,102.0,-1.0,21.0,105.0,147.65463853194
97.0,106.0,-1.0,23.0,92.0,161.22929829734497
105.0,100.0,-1.0,23.0,108.0,156.23495052986226
94.0,104.0,-1.0,47.0,95.0,158.1418420826742
105.0,103.0,-1.0,0.0,103.0,150.80563574938574
99.0,104.0,-1.0,23.0,97.0,151.6336885700461
106.0,94.0,-1.0,50.0,115.0,146.4043318267865
112.0,114.0,-1.0,34.0,112.0,165.3048751473923
107.0,97.0,-1.0,0.0,101.0,150.3175280554181
99.0,104.0,-1.0,24.0,98.0,153.86020758738277
97.0,94.0,-1.0,0.0,95.0,164.41057709844245
97.0,88.0,-1.0,37.0,89.0,148.6270657325131
100.0,97.0,-1.0,27.0,97.0,151.29156666666665
101.0,103.0,-1.0,0.0,102.0,149.98911047873455
103.0,93.0,-1.0,48.0,106.0,149.68786749163198
97.0,104.0,-1.0,0.0,94.0,154.97527401003782
103.0,104.0,-1.0,24.0,108.0,162.25680687547745
102.0,96.0,-1.0,22.0,101.0,153.61220087806993
99.0,100.0,-1.0,24.0,108.0,150.60776638465643
96.0,106.0,-1.0,21.0,96.0,156.5872658205496
94.0,95.0,-1.0,0.0,93.0,164.51696840279027
100.0,104.0,-1.0,30.0,96.0,157.37745818181816
103.0,104.0,-1.0,0.0,106.0,150.6088045120751
96.0,96.0,-1.0,42.0,94.0,153.00736268987393
96.0,115.0,-1.0,51.0,85.0,167.72805253229973
90.0,101.0,-1.0,0.0,88.0,162.97866530612245
103.0,108.0,-1.0,44.0,105.0,152.74500923598015
96.0,102.0,-1.0,45.0,106.0,153.42336310778865
97.0,95.0,-1.0,43.0,91.0,149.03567948350192
96.0,102.0,-1.0,0.0,99.0,150.6815015382941
102.0,104.0,-1.0,24.0,102.0,152.60034122067313
107.0,101.0,-1.0,29.0,110.0,151.4513682020741
98.0,104.0,-1.0,0.0,91.0,152.92668709714536
96.0,92.0,-1.0,0.0,91.0,160.222874785769
103.0,84.0,-1.0,0.0,92.0,141.63875620870357
103.0,106.0,-1.0,24.0,100.0,158.25694110864742
112.0,96.0,-1.0,0.0,111.0,152.12556673172847
107.0,100.0,-1.0,0.0,115.0,159.93666530612245
102.0,99.0,-1.0,0.0,97.0,148.8115015382941
96.0,102.0,-1.0,0.0,97.0,153.6139797520509
100.0,98.0,-1.0,51.0,114.0,154.24381430277717
103.0,105.0,-1.0,0.0,107.0,155.95722000855193
107.0,104.0,-1.0,0.0,112.0,146.42235021235686
94.0,91.0,-1.0,42.0,91.0,147.54081905642923
97.0,98.0,-1.0,0.0,96.0,140.34375605072157
102.0,102.0,-1.0,24.0,94.0,149.00313963064553
102.0,106.0,-1.0,25.0,103.0,153.98555295080388
104.0,103.0,-1.0,21.0,91.0,149.75740036523447
103.0,108.0,-1.0,25.0,107.0,158.90981621068826
97.0,102.0,-1.0,25.0,93.0,153.61315622263913
104.0,99.0,-1.0,26.0,108.0,150.3783574294029
97.0,99.0,-1.0,52.0,103.0,156.080494224924
96.0,98.0,-1.0,23.0,87.0,146.8023422843486
113.0,105.0,-1.0,27.0,112.0,156.31426131017895
99.0,96.0,-1.0,25.0,96.0,145.16813826196557
90.0,105.0,-1.0,21.0,87.0,149.8102866842797
95.0,100.0,-1.0,0.0,89.0,148.79563136827397
106.0,102.0,-1.0,23.0,103.0,146.32481651861653
101.0,103.0,-1.0,51.0,99.0,147.49036997542066
102.0,98.0,-1.0,0.0,101.0,144.82421887419335
100.0,100.0,-1.0,0.0,116.0,147.19779343144268
99.0,100.0,-1.0,0.0,94.0,150.4182085106383
98.0,101.0,-1.0,0.0,106.0,143.5742673897984
105.0,99.0,-1.0,0.0,108.0,143.69098029314583
107.0,103.0,-1.0,29.0,110.0,164.0279993663443
96.0,102.0,-1.0,46.0,98.0,160.64963423465423
97.0,101.0,-1.0,21.0,100.0,154.53874964784387
100.0,101.0,-1.0,24.0,97.0,146.54212333679834
101.0,102.0,-1.0,27.0,99.0,147.39977775746146
97.0,100.0,-1.0,0.0,97.0,149.86686157186278
101.0,99.0,-1.0,23.0,92.0,149.60561133868453
90.0,98.0,-1.0,0.0,92.0,152.50454577589255
98.0,100.0,-1.0,0.0,101.0,143.37102203543256
96.0,98.0,-1.0,48.0,97.0,147.20626827287433
99.0,96.0,-1.0,25.0,108.0,153.62441969287468
96.0,104.0,-1.0,0.0,89.0,156.49952556449037
101.0,105.0,-1.0,22.0,97.0,146.0920922786853
91.0,88.0,-1.0,20.0,88.0,139.69967424749166
113.0,99.0,-1.0,29.0,114.0,149.48955119617227
104.0,96.0,-1.0,29.0,109.0,149.86022612494085
103.0,105.0,-1.0,22.0,102.0,160.1169643000137
99.0,99.0,-1.0,24.0,95.0,154.737273712015
104.0,111.0,-1.0,57.0,98.0,165.7499701019098
93.0,97.0,-1.0,0.0,86.0,152.56274401733975
97.0,101.0,-1.0,23.0,94.0,149.15045203252035
108.0,105.0,-1.0,0.0,109.0,153.13317667560148
97.0,88.0,-1.0,21.0,99.0,143.82789564712417
107.0,98.0,-1.0,47.0,108.0,148.56564207737148
103.0,95.0,-1.0,21.0,90.0,141.67796154387298
97.0,96.0,-1.0,25.0,92.0,146.51586019206624
102.0,95.0,-1.0,21.0,102.0,147.1488287837838
93.0,106.0,-1.0,23.0,96.0,146.09394693274206
97.0,93.0,-1.0,25.0,98.0,151.60788365299294
102.0,99.0,-1.0,22.0,115.0,153.46465197136607
105.0,101.0,-1.0,30.0,105.0,150.0555431981116
104.0,98.0,-1.0,57.0,96.0,159.5102445477796
96.0,102.0,-1.0,20.0,97.0,158.84901948887665
96.0,113.0,-1.0,0.0,97.0,164.28441010190983
101.0,103.0,-1.0,28.0,95.0,146.2631914264597
100.0,102.0,-1.0,0.0,97.0,156.61982705307878
107.0,104.0,-1.0,26.0,107.0,156.70063644477003
98.0,105.0,-1.0,24.0,98.0,155.72622157356068
99.0,100.0,-1.0,0.0,96.0,151.3973887955182
97.0,104.0,-1.0,78.0,97.0,159.29685824025927
99.0,102.0,-1.0,48.0,97.0,162.3640350616136
98.0,100.0,-1.0,26.0,99.0,158.73274149659863
96.0,100.0,-1.0,44.0,100.0,149.3184933234787
101.0,99.0,-1.0,0.0,98.0,141.09498867011297
90.0,105.0,-1.0,26.0,98.0,159.34737756045695
104.0,103.0,-1.0,27.0,112.0,153.97288644477004
107.0,99.0,-1.0,0.0,101.0,154.81363269795725
93.0,105.0,-1.0,48.0,98.0,152.2283701619778
106.0,106.0,-1.0,54.0,106.0,157.8700074215299
99.0,113.0,-1.0,26.0,100.0,163.90953109664918
106.0,100.0,-1.0,27.0,105.0,143.58971247963677
106.0,104.0,-1.0,24.0,101.0,150.95491324482376
96.0,97.0,-1.0,28.0,96.0,149.8072696519811
101.0,106.0,-1.0,0.0,105.0,160.85061023391813
104.0,84.0,-1.0,0.0,106.0,144.05377417048956
99.0,102.0,-1.0,0.0,101.0,157.8413461477614
92.0,112.0,-1.0,0.0,103.0,161.00209178408204
104.0,99.0,-1.0,51.0,95.0,150.72049332347868
98.0,104.0,-1.0,45.0,95.0,151.5930163904008
97.0,105.0,-1.0,54.0,103.0,158.21536036143976
102.0,103.0,-1.0,55.0,105.0,155.06218712504216
97.0,91.0,-1.0,49.0,100.0,140.15030539710887
105.0,105.0,-1.0,27.0,102.0,149.38865307514308
97.0,99.0,-1.0,18.0,101.0,148.21939727998202
99.0,106.0,-1.0,21.0,103.0,157.20711265175927
105.0,105.0,-1.0,49.0,105.0,157.6904464273677
98.0,103.0,-1.0,28.0,96.0,155.23615648806702
94.0,99.0,-1.0,78.0,99.0,152.75584700927132
98.0,105.0,-1.0,26.0,103.0,148.24195742296916
100.0,92.0,-1.0,65.0,102.0,160.92748763279695
99.0,104.0,-1.0,27.0,98.0,158.23462690058477
91.0,105.0,-1.0,48.0,88.0,164.383796423123
106.0,86.0,-1.0,0.0,109.0,146.87326759154217
97.0,101.0,-1.0,21.0,101.0,157.48447227388755
106.0,99.0,-1.0,47.0,104.0,155.52971373307543
96.0,105.0,-1.0,25.0,92.0,156.24539862230932
103.0,102.0,-1.0,49.0,107.0,156.70233543543543
112.0,108.0,-1.0,28.0,110.0,159.2112178563125
105.0,113.0,-1.0,25.0,101.0,162.9325407636739
97.0,100.0,-1.0,74.0,93.0,152.88528958065896
100.0,104.0,-1.0,0.0,103.0,159.93005396825396
104.0,89.0,-1.0,23.0,101.0,151.60504536931995
93.0,102.0,-1.0,20.0,104.0,154.91967125347938
94.0,114.0,-1.0,0.0,103.0,161.423649122807
103.0,94.0,-1.0,48.0,110.0,143.91903997286974
99.0,101.0,-1.0,54.0,103.0,148.0294155339354
104.0,99.0,-1.0,26.0,105.0,149.21408020681127
99.0,103.0,-1.0,26.0,101.0,148.76873550190945
95.0,99.0,-1.0,24.0,96.0,157.20571373307544
105.0,98.0,-1.0,25.0,105.0,151.6134156624352
100.0,92.0,-1.0,49.0,93.0,142.18612531328318
107.0,98.0,-1.0,0.0,113.0,159.3432026888226
93.0,101.0,-1.0,0.0,89.0,163.07948085585582
98.0,95.0,-1.0,44.0,99.0,147.83943474903475
97.0,98.0,-1.0,66.0,88.0,156.0975649504968
104.0,92.0,-1.0,0.0,108.0,155.57006388783847
99.0,101.0,-1.0,0.0,98.0,149.9268712534794
112.0,100.0,-1.0,27.0,111.0,154.79101817207183
100.0,97.0,-1.0,0.0,93.0,155.50027756286266
97.0,99.0,-1.0,0.0,100.0,161.7866554517459
95.0,93.0,-1.0,24.0,95.0,149.00566207146463
104.0,106.0,-1.0,22.0,101.0,163.4237865612648
104.0,105.0,-1.0,0.0,102.0,162.1069760891712
97.0,112.0,-1.0,0.0,99.0,157.32789302524603
98.0,108.0,-1.0,22.0,96.0,153.6965438685706
98.0,103.0,-1.0,0.0,98.0,163.4340781472009
105.0,106.0,-1.0,25.0,109.0,156.5003810982162
105.0,95.0,-1.0,0.0,104.0,153.8994981092437
104.0,99.0,-1.0,25.0,105.0,163.23629166666666
93.0,101.0,-1.0,0.0,91.0,148.69832180292997
94.0,100.0,-1.0,0.0,97.0,151.57692928318295
100.0,103.0,-1.0,25.0,94.0,157.6702381472009
96.0,104.0,-1.0,56.0,97.0,162.57522407407404
99.0,96.0,-1.0,45.0,104.0,148.71223300559092
98.0,98.0,-1.0,39.0,103.0,148.5592322201608
101.0,95.0,-1.0,0.0,104.0,160.44291966726587
110.0,91.0,-1.0,0.0,104.0,139.3296067645418
97.0,101.0,-1.0,25.0,96.0,147.8079656759907
99.0,107.0,-1.0,23.0,103.0,150.93128071067582
102.0,97.0,-1.0,55.0,105.0,152.22487347870182
105.0,100.0,-1.0,28.0,107.0,161.4708003994811
106.0,102.0,-1.0,0.0,110.0,145.24507545045043
105.0,97.0,-1.0,0.0,102.0,148.18585760869564
104.0,99.0,-1.0,84.0,104.0,147.65471709197234
105.0,90.0,-1.0,44.0,107.0,143.32553294778108
107.0,100.0,-1.0,31.0,106.0,149.83347956487955
105.0,96.0,-1.0,0.0,106.0,152.88693172351682
99.0,107.0,-1.0,0.0,102.0,152.7897228875466
93.0,105.0,-1.0,0.0,89.0,164.81538799385834
92.0,104.0,-1.0,25.0,87.0,160.4934293616712
108.0,99.0,-1.0,28.0,111.0,160.14896366478723
98.0,103.0,-1.0,23.0,107.0,143.75884747044915
104.0,101.0,-1.0,55.0,99.0,151.98002730501872
99.0,105.0,-1.0,25.0,103.0,163.10199123458088
100.0,101.0,-1.0,25.0,100.0,160.14652023809523
100.0,99.0,-1.0,22.0,100.0,148.36296635954136
96.0,102.0,-1.0,43.0,97.0,155.76965456567243
107.0,88.0,-1.0,25.0,104.0,142.31629433774248
95.0,106.0,-1.0,23.0,97.0,154.521941203718
99.0,97.0,-1.0,23.0,99.0,155.052639009139
104.0,108.0,-1.0,24.0,104.0,156.87348756613756
106.0,97.0,-1.0,28.0,108.0,149.7600299980721
99.0,97.0,-1.0,76.0,102.0,150.84209799864598
107.0,99.0,-1.0,24.0,109.0,152.56671145758057
97.0,96.0,-1.0,32.0,95.0,142.3139221248247
103.0,105.0,-1.0,0.0,100.0,143.19612919087928
100.0,102.0,-1.0,25.0,114.0,150.10968876390683
98.0,108.0,-1.0,20.0,95.0,155.1138330956099
105.0,97.0,-1.0,0.0,107.0,151.45304303499324
98.0,98.0,-1.0,26.0,100.0,156.0462272444331
99.0,105.0,-1.0,57.0,102.0,166.42759208592997
105.0,107.0,-1.0,28.0,97.0,154.43200897535166
108.0,97.0,-1.0,29.0,98.0,150.9375662106967
107.0,102.0,-1.0,24.0,110.0,145.85181122725513
93.0,105.0,-1.0,75.0,91.0,150.23072082834452
104.0,95.0,-1.0,0.0,100.0,142.843255458158
104.0,103.0,-1.0,25.0,105.0,146.08955776230786
104.0,103.0,-1.0,51.0,103.0,158.67520696763555
105.0,99.0,-1.0,22.0,105.0,151.219347920582
104.0,86.0,-1.0,50.0,105.0,141.7860263890245
91.0,102.0,-1.0,46.0,96.0,145.135743542118
99.0,101.0,-1.0,24.0,101.0,147.67125470368327
97.0,108.0,-1.0,62.0,97.0,168.20383653037442
98.0,105.0,-1.0,0.0,97.0,153.45253286792573
96.0,98.0,-1.0,47.0,93.0,147.1769458379681
96.0,98.0,-1.0,22.0,96.0,150.0395162106967
104.0,100.0,-1.0,27.0,102.0,151.65590882600162
106.0,92.0,-1.0,21.0,111.0,143.25318045815803
105.0,98.0,-1.0,24.0,109.0,153.3979814161775
106.0,110.0,-1.0,51.0,98.0,154.7816936925273
95.0,106.0,-1.0,0.0,92.0,162.19828282674771
99.0,97.0,-1.0,23.0,101.0,146.0309153754742
97.0,109.0,-1.0,47.0,93.0,156.08510961384098
93.0,103.0,-1.0,49.0,90.0,159.63138474541333
95.0,108.0,-1.0,30.0,92.0,155.92397380457214
107.0,100.0,-1.0,24.0,106.0,151.85969987501795
107.0,108.0,-1.0,0.0,107.0,152.31838754435262
103.0,97.0,-1.0,77.0,102.0,151.67693031839542
103.0,102.0,-1.0,22.0,97.0,161.23677178892882
99.0,105.0,-1.0,22.0,106.0,152.0339070751139
97.0,98.0,-1.0,19.0,97.0,143.71554306019033
104.0,97.0,-1.0,0.0,96.0,145.972108518389
103.0,92.0,-1.0,0.0,93.0,147.13613524539207
96.0,99.0,-1.0,23.0,97.0,152.71168976865428
99.0,97.0,-1.0,53.0,103.0,159.14761688399096
98.0,105.0,-1.0,48.0,101.0,151.01926193414084
100.0,108.0,-1.0,23.0,102.0,164.0200088677472
98.0,107.0,-1.0,27.0,100.0,156.2902872791823
96.0,98.0,-1.0,47.0,93.0,152.09714770969975
95.0,94.0,-1.0,24.0,95.0,149.88329208639055
98.0,104.0,-1.0,25.0,96.0,149.93173442554124
94.0,103.0,-1.0,0.0,94.0,144.6986695912001
108.0,97.0,-1.0,31.0,106.0,144.40451733111848
105.0,100.0,-1.0,25.0,114.0,139.11447429345722
99.0,109.0,-1.0,0.0,104.0,163.8144043222927
106.0,97.0,-1.0,48.0,106.0,148.4729582527748
91.0,101.0,-1.0,26.0,102.0,152.0507023413862
103.0,89.0,-1.0,25.0,107.0,141.4032168288368
95.0,100.0,-1.0,23.0,88.0,154.6167037965866
104.0,105.0,-1.0,56.0,100.0,153.54933271613953
97.0,98.0,-1.0,0.0,96.0,154.20018831937892
103.0,94.0,-1.0,25.0,104.0,145.8363526366964
95.0,103.0,-1.0,0.0,98.0,150.7923347220661
96.0,100.0,-1.0,41.0,99.0,152.81534985569985
96.0,88.0,-1.0,0.0,101.0,141.4626716550916
98.0,94.0,-1.0,0.0,99.0,143.12516162365864
104.0,97.0,-1.0,30.0,99.0,148.70526866681703
109.0,110.0,-1.0,23.0,107.0,170.3547274376417
100.0,103.0,-1.0,0.0,106.0,144.51528600457394
91.0,98.0,-1.0,74.0,97.0,149.84162756450095
98.0,109.0,-1.0,24.0,98.0,163.99704674653512
104.0,100.0,-1.0,25.0,104.0,155.87363514771033
99.0,94.0,-1.0,0.0,100.0,144.17522609819122
103.0,112.0,-1.0,27.0,98.0,165.29389886621317
100.0,100.0,-1.0,0.0,108.0,156.85734829304585
93.0,101.0,-1.0,22.0,85.0,156.6069402504051
96.0,99.0,-1.0,20.0,99.0,145.50574878102302
107.0,101.0,-1.0,23.0,105.0,151.8441763035763
107.0,94.0,-1.0,76.0,104.0,145.7893685627289
96.0,101.0,-1.0,20.0,102.0,144.90506300805822
102.0,98.0,-1.0,53.0,103.0,134.81632325391595
95.0,100.0,-1.0,0.0,86.0,160.90937456961643
100.0,99.0,-1.0,23.0,102.0,146.73124025040514
98.0,97.0,-1.0,22.0,99.0,149.6769059913439
101.0,103.0,-1.0,28.0,108.0,154.5409188830792
100.0,101.0,-1.0,0.0,103.0,143.7517579273645
102.0,110.0,-1.0,55.0,99.0,160.30476767676768
96.0,88.0,-1.0,21.0,95.0,143.31181963941413
103.0,101.0,-1.0,30.0,100.0,152.13850485222065
91.0,94.0,-1.0,0.0,94.0,146.62589276485787
96.0,113.0,-1.0,0.0,87.0,163.93322714904144
110.0,102.0,-1.0,28.0,114.0,158.20418797498064
100.0,100.0,-1.0,0.0,99.0,146.43877729377252
96.0,100.0,-1.0,23.0,100.0,160.00859829304582
103.0,98.0,-1.0,28.0,110.0,159.2584443370583
93.0,97.0,-1.0,23.0,90.0,151.2061238119499
102.0,95.0,-1.0,24.0,99.0,147.08728939400058
99.0,99.0,-1.0,44.0,98.0,141.97491291816291
101.0,98.0,-1.0,26.0,106.0,144.8547374698813
95.0,104.0,-1.0,78.0,92.0,154.2091865563805
105.0,100.0,-1.0,26.0,97.0,154.18345723317302
93.0,98.0,-1.0,23.0,87.0,151.27955165801941
91.0,97.0,-1.0,48.0,96.0,144.0742243831872
107.0,104.0,-1.0,76.0,95.0,154.74530437027607
110.0,101.0,-1.0,51.0,118.0,159.7938760708236
100.0,99.0,-1.0,44.0,105.0,146.14701731475378
107.0,97.0,-1.0,0.0,106.0,150.41588635270097
96.0,96.0,-1.0,22.0,91.0,144.47241845480704
101.0,89.0,-1.0,66.0,104.0,144.77870062056738
98.0,101.0,-1.0,56.0,100.0,156.76023729465962
101.0,97.0,-1.0,50.0,97.0,153.72708424135206
102.0,98.0,-1.0,49.0,99.0,154.72867275454792
103.0,91.0,-1.0,21.0,100.0,152.02830190369542
95.0,98.0,-1.0,25.0,97.0,151.48848672295443
100.0,97.0,-1.0,49.0,104.0,146.53289104985384
106.0,100.0,-1.0,56.0,107.0,154.86823970718723
98.0,99.0,-1.0,50.0,88.0,152.03280952380953
92.0,112.0,-1.0,25.0,96.0,161.13153795303305
103.0,99.0,-1.0,48.0,109.0,160.46109418311934
103.0,102.0,-1.0,28.0,105.0,151.49227945539525
102.0,102.0,-1.0,43.0,103.0,146.7113817594923
102.0,97.0,-1.0,26.0,97.0,148.0749105577318
100.0,102.0,-1.0,0.0,102.0,151.2643456544271
95.0,100.0,-1.0,23.0,88.0,142.6546000687509
93.0,109.0,-1.0,21.0,93.0,157.65918762043881
93.0,103.0,-1.0,46.0,87.0,159.79058070175438
99.0,94.0,-1.0,21.0,105.0,145.72013302459814
96.0,97.0,-1.0,45.0,94.0,149.64423397570172
107.0,101.0,-1.0,49.0,107.0,157.846083580705
106.0,96.0,-1.0,58.0,110.0,144.1080999089682
100.0,98.0,-1.0,22.0,94.0,151.3267584300722
103.0,98.0,-1.0,24.0,109.0,143.5014386032694
103.0,101.0,-1.0,26.0,101.0,153.07961065076148
92.0,93.0,-1.0,19.0,94.0,151.95341301480653
99.0,90.0,-1.0,0.0,103.0,143.21697296246555
97.0,99.0,-1.0,42.0,97.0,160.4255286173095
102.0,94.0,-1.0,25.0,100.0,143.413904510948
99.0,101.0,-1.0,76.0,94.0,151.42941579388352
102.0,97.0,-1.0,24.0,95.0,141.75659944243026
103.0,89.0,-1.0,48.0,104.0,142.69493676739927
108.0,101.0,-1.0,51.0,107.0,160.02802540649125
103.0,104.0,-1.0,52.0,100.0,157.90354736842104
105.0,102.0,-1.0,85.0,108.0,163.0706914080072
100.0,100.0,-1.0,24.0,101.0,150.07775045471323
103.0,97.0,-1.0,53.0,93.0,152.83281168831166
98.0,99.0,-1.0,77.0,101.0,150.15029452529453
97.0,97.0,-1.0,21.0,99.0,153.7881665933375
101.0,99.0,-1.0,23.0,102.0,155.8488095117012
104.0,95.0,-1.0,23.0,100.0,152.8537765662011
95.0,106.0,-1.0,23.0,94.0,163.27078181818183
95.0,103.0,-1.0,55.0,91.0,149.7396219773781
100.0,90.0,-1.0,42.0,98.0,138.69960343406595
100.0,102.0,-1.0,78.0,102.0,164.40883285990736
101.0,105.0,-1.0,26.0,100.0,161.82987692307694
108.0,104.0,-1.0,26.0,105.0,157.81741790373368
101.0,100.0,-1.0,24.0,101.0,148.7731823991577
103.0,104.0,-1.0,50.0,96.0,155.23031573868982
98.0,96.0,-1.0,22.0,96.0,146.42183585164835
94.0,101.0,-1.0,46.0,94.0,152.50620874031927
104.0,95.0,-1.0,27.0,107.0,144.46155515338597
103.0,97.0,-1.0,0.0,103.0,147.14446759455268
101.0,105.0,-1.0,25.0,102.0,153.72342259487775
95.0,95.0,-1.0,21.0,97.0,151.40222832872428
111.0,103.0,-1.0,61.0,113.0,168.62277747529203
92.0,106.0,-1.0,45.0,93.0,165.94868447024675
107.0,99.0,-1.0,79.0,106.0,143.56050124754472
96.0,102.0,-1.0,55.0,97.0,154.15847399128648
98.0,104.0,-1.0,74.0,102.0,164.5856126716238
102.0,98.0,-1.0,27.0,97.0,144.3628833387141
103.0,103.0,-1.0,53.0,100.0,155.7130714795118
103.0,103.0,-1.0,49.0,105.0,148.1692138273491
101.0,101.0,-1.0,75.0,99.0,149.34705595227334
102.0,94.0,-1.0,26.0,106.0,146.26263308367658
107.0,90.0,-1.0,26.0,112.0,145.5817326007326
101.0,96.0,-1.0,0.0,101.0,149.45694261443856
104.0,91.0,-1.0,72.0,101.0,146.19679215745495
107.0,100.0,-1.0,51.0,101.0,144.89357314296953
102.0,99.0,-1.0,51.0,102.0,163.771958989899
98.0,97.0,-1.0,28.0,96.0,148.88959597956188
96.0,96.0,-1.0,43.0,104.0,150.93324583871413
92.0,92.0,-1.0,20.0,100.0,141.8515594865284
105.0,111.0,-1.0,80.0,108.0,158.9657560859417
107.0,106.0,-1.0,28.0,114.0,155.55840557786073
95.0,94.0,-1.0,40.0,99.0,157.88458956076232
101.0,102.0,-1.0,27.0,106.0,160.17262860607485
109.0,101.0,-1.0,57.0,109.0,147.1359540953505
103.0,101.0,-1.0,82.0,106.0,154.21652161033407
96.0,101.0,-1.0,77.0,99.0,158.3916559522733
107.0,104.0,-1.0,0.0,104.0,151.99805795795797
105.0,94.0,-1.0,22.0,104.0,146.67775347679697
102.0,98.0,-1.0,57.0,104.0,160.77493719004914
102.0,97.0,-1.0,25.0,104.0,154.73209170534764
94.0,107.0,-1.0,40.0,101.0,156.21759668449198
98.0,116.0,-1.0,82.0,104.0,173.96561425477535
101.0,98.0,-1.0,23.0,104.0,145.14453692949766
104.0,95.0,-1.0,75.0,106.0,147.07494840857083
99.0,88.0,-1.0,38.0,98.0,145.27315710144927
105.0,107.0,-1.0,28.0,107.0,161.72550420911003
105.0,93.0,-1.0,22.0,112.0,149.77073881673883
100.0,101.0,-1.0,81.0,92.0,159.85974702712747
101.0,103.0,-1.0,53.0,107.0,149.48948825684118
104.0,109.0,-1.0,44.0,106.0,148.3069998465473
97.0,97.0,-1.0,21.0,102.0,144.8180253015907
101.0,99.0,-1.0,25.0,105.0,152.04914719924335
108.0,102.0,-1.0,26.0,108.0,157.510158008658
108.0,96.0,-1.0,0.0,110.0,145.65972727272725
102.0,103.0,-1.0,50.0,107.0,147.1374882568412
104.0,114.0,-1.0,25.0,106.0,170.28906573833586
97.0,102.0,-1.0,24.0,97.0,154.22244428297478
104.0,106.0,-1.0,0.0,108.0,153.97663289653286
103.0,89.0,-1.0,42.0,102.0,149.9072571014493
101.0,101.0,-1.0,53.0,100.0,153.0377242270862
96.0,97.0,-1.0,24.0,100.0,152.24506686097698
98.0,103.0,-1.0,22.0,97.0,164.21796476190474
98.0,94.0,-1.0,42.0,94.0,149.59994763407167
98.0,95.0,-1.0,24.0,100.0,150.1155465090465
105.0,108.0,-1.0,27.0,113.0,148.85064403259383
97.0,104.0,-1.0,0.0,107.0,163.54033260821615
104.0,99.0,-1.0,25.0,114.0,139.90967236041422
103.0,100.0,-1.0,50.0,111.0,158.064658008658
103.0,96.0,-1.0,25.0,106.0,143.25261298701298
107.0,104.0,-1.0,24.0,105.0,160.99226882302423
102.0,109.0,-1.0,25.0,102.0,151.15729956319953
95.0,96.0,-1.0,43.0,99.0,152.95658626110733
98.0,97.0,-1.0,44.0,97.0,146.3738011120526
105.0,106.0,-1.0,30.0,110.0,155.0437448543465
109.0,97.0,-1.0,20.0,109.0,145.12597085613262
101.0,116.0,-1.0,62.0,104.0,173.23152464818162
94.0,97.0,-1.0,23.0,99.0,151.50700105450105
96.0,103.0,-1.0,25.0,98.0,153.12195187943362
105.0,97.0,-1.0,54.0,105.0,148.50884521307472
102.0,105.0,-1.0,25.0,107.0,159.16157705266062
102.0,102.0,-1.0,0.0,95.0,139.81082043343653
111.0,110.0,-1.0,24.0,115.0,153.44019956319957
95.0,98.0,-1.0,22.0,101.0,146.43128171209597
98.0,106.0,-1.0,48.0,100.0,152.50234189355638
103.0,101.0,-1.0,27.0,111.0,154.78117883666718
96.0,103.0,-1.0,25.0,95.0,140.38011455108358
98.0,102.0,-1.0,50.0,102.0,166.9503554353824
96.0,111.0,-1.0,49.0,102.0,168.95836472795497
95.0,109.0,-1.0,45.0,97.0,156.4565203645506
105.0,100.0,-1.0,20.0,103.0,146.12303603896254
93.0,97.0,-1.0,70.0,94.0,148.7979463203463
104.0,106.0,-1.0,50.0,115.0,156.8104653832208
102.0,107.0,-1.0,81.0,108.0,154.22556910921617
109.0,98.0,-1.0,86.0,106.0,149.44399722499722
97.0,104.0,-1.0,21.0,100.0,153.72201705266062
105.0,96.0,-1.0,22.0,114.0,155.43753715800273
94.0,110.0,-1.0,21.0,91.0,153.72572897496428
98.0,110.0,-1.0,25.0,101.0,172.83162355148437
100.0,105.0,-1.0,74.0,105.0,155.07506251396552
101.0,114.0,-1.0,52.0,101.0,161.08555788373206
112.0,107.0,-1.0,48.0,112.0,157.83383883661932
97.0,96.0,-1.0,71.0,98.0,159.09965735031042
104.0,102.0,-1.0,50.0,102.0,166.9858488687783
98.0,102.0,-1.0,76.0,91.0,153.7414420937196
102.0,104.0,-1.0,48.0,105.0,153.83592586811915
106.0,102.0,-1.0,55.0,117.0,159.91094489052873
104.0,105.0,-1.0,29.0,112.0,149.8295383867368
95.0,97.0,-1.0,24.0,102.0,156.832659838979
104.0,105.0,-1.0,24.0,102.0,151.5552352689794
93.0,100.0,-1.0,24.0,93.0,153.94881782648244
103.0,95.0,-1.0,48.0,100.0,150.99018007771716
104.0,99.0,-1.0,24.0,106.0,147.95316287377395
108.0,100.0,-1.0,24.0,113.0,144.69696940276785
94.0,103.0,-1.0,43.0,94.0,153.3130253275786
97.0,112.0,-1.0,23.0,97.0,174.76068616329118
103.0,107.0,-1.0,28.0,108.0,155.69469569520038
112.0,96.0,-1.0,80.0,115.0,154.27782701476292
97.0,97.0,-1.0,74.0,104.0,148.1619890320206
95.0,105.0,-1.0,73.0,95.0,153.76148724824748
104.0,97.0,-1.0,79.0,114.0,155.18812837044752
96.0,104.0,-1.0,28.0,95.0,151.06042143919214
93.0,102.0,-1.0,23.0,90.0,158.86000044608429
106.0,117.0,-1.0,84.0,115.0,178.23508255159473
101.0,106.0,-1.0,28.0,103.0,153.77989132791328
103.0,101.0,-1.0,27.0,107.0,152.09208308697836
103.0,111.0,-1.0,24.0,94.0,169.57281382286567
97.0,98.0,-1.0,24.0,94.0,143.91581115140633
94.0,99.0,-1.0,44.0,97.0,165.34230837517936
104.0,121.0,-1.0,22.0,112.0,177.30212708600772
102.0,96.0,-1.0,25.0,102.0,145.55075826278983
99.0,106.0,-1.0,23.0,100.0,165.80353496503497
96.0,111.0,-1.0,23.0,94.0,161.51543148813448
96.0,98.0,-1.0,54.0,106.0,151.3469258586736
98.0,101.0,-1.0,46.0,100.0,148.79150268255268
104.0,95.0,-1.0,56.0,99.0,149.8552413680397
100.0,111.0,-1.0,26.0,99.0,171.81032601798762
102.0,98.0,-1.0,48.0,98.0,147.95647103512724
96.0,97.0,-1.0,0.0,97.0,143.44258230971064
102.0,106.0,-1.0,73.0,114.0,152.0559671449067
94.0,104.0,-1.0,17.0,96.0,159.0246963982756
97.0,102.0,-1.0,23.0,109.0,147.09116356671728
100.0,98.0,-1.0,64.0,100.0,148.51640356331694
111.0,101.0,-1.0,20.0,114.0,154.63147197586727
108.0,102.0,-1.0,26.0,118.0,153.55327532757863
104.0,99.0,-1.0,50.0,102.0,155.0447765326302
103.0,103.0,-1.0,25.0,95.0,157.45961473179858
102.0,108.0,-1.0,24.0,101.0,160.2528085373148
105.0,104.0,-1.0,54.0,105.0,159.25765867217743
105.0,101.0,-1.0,75.0,111.0,151.148186996904
102.0,94.0,-1.0,51.0,105.0,151.53358456565553
95.0,108.0,-1.0,23.0,94.0,160.70281356983077
99.0,111.0,-1.0,51.0,97.0,168.53061016786333
97.0,108.0,-1.0,25.0,95.0,163.7136193481256
108.0,104.0,-1.0,51.0,103.0,151.82472033023734
100.0,107.0,-1.0,52.0,99.0,153.64850464396287
104.0,103.0,-1.0,25.0,102.0,153.35937324413666
99.0,100.0,-1.0,47.0,96.0,151.27320827414158
105.0,106.0,-1.0,22.0,105.0,148.29635576279293
103.0,105.0,-1.0,23.0,105.0,161.72079488795583
98.0,100.0,-1.0,46.0,103.0,156.1586989188483
99.0,103.0,-1.0,21.0,96.0,149.59732381377438
98.0,99.0,-1.0,49.0,100.0,148.3572678564026
94.0,91.0,-1.0,46.0,93.0,145.75484350010296
102.0,106.0,-1.0,27.0,106.0,159.60117512274957
103.0,98.0,-1.0,46.0,113.0,153.04292352381503
97.0,101.0,-1.0,49.0,92.0,152.53565601687504
104.0,107.0,-1.0,78.0,100.0,156.61003496503494
106.0,105.0,-1.0,26.0,101.0,158.41056761522856
104.0,97.0,-1.0,42.0,104.0,149.3964190815091
99.0,102.0,-1.0,25.0,107.0,157.30008353423293
95.0,107.0,-1.0,26.0,99.0,151.1815438596491
104.0,107.0,-1.0,25.0,103.0,154.40752368024133
110.0,108.0,-1.0,54.0,106.0,160.51603496503498
99.0,104.0,-1.0,28.0,97.0,156.82945405937693
106.0,104.0,-1.0,22.0,106.0,152.15201098238518
98.0,101.0,-1.0,68.0,100.0,151.1406260687882
99.0,92.0,-1.0,47.0,98.0,146.18010620092798
103.0,110.0,-1.0,76.0,103.0,162.00641079849282
106.0,108.0,-1.0,27.0,102.0,159.52898000079836
103.0,91.0,-1.0,0.0,102.0,149.05280248514924
98.0,108.0,-1.0,25.0,105.0,161.23825113122172
94.0,99.0,-1.0,78.0,90.0,148.83331329393
104.0,102.0,-1.0,26.0,106.0,153.18012035649446
100.0,97.0,-1.0,49.0,102.0,151.2932235160989
104.0,103.0,-1.0,27.0,107.0,152.58702042907885
111.0,105.0,-1.0,28.0,104.0,158.40061582464793
98.0,102.0,-1.0,23.0,96.0,154.21416891961084
96.0,96.0,-1.0,19.0,92.0,153.11546066433567
99.0,99.0,-1.0,22.0,104.0,151.60214585437197
95.0,104.0,-1.0,21.0,92.0,158.45329932254563
95.0,105.0,-1.0,77.0,94.0,156.49039450354607
98.0,105.0,-1.0,26.0,97.0,157.7771710720066
105.0,96.0,-1.0,44.0,104.0,151.76409308131628
105.0,105.0,-1.0,78.0,110.0,156.5010772909539
104.0,93.0,-1.0,26.0,111.0,147.21496436518888
103.0,105.0,-1.0,79.0,107.0,153.47549134199133
99.0,110.0,-1.0,29.0,100.0,155.00752368024132
105.0,104.0,-1.0,26.0,103.0,156.6597415989684
107.0,104.0,-1.0,53.0,107.0,160.46311069801382
104.0,104.0,-1.0,18.0,107.0,159.63592841694535
100.0,96.0,-1.0,20.0,108.0,148.46215601604277
107.0,109.0,-1.0,77.0,107.0,161.8895785934638
95.0,105.0,-1.0,27.0,90.0,158.5731931679487
100.0,102.0,-1.0,20.0,102.0,155.43488003072196
95.0,95.0,-1.0,67.0,90.0,144.58114647514645
111.0,111.0,-1.0,28.0,104.0,158.38375897435895
96.0,114.0,-1.0,46.0,90.0,163.5349435992579
107.0,105.0,-1.0,27.0,112.0,149.9521195035461
99.0,106.0,-1.0,30.0,100.0,165.41397854679266
101.0,106.0,-1.0,27.0,99.0,156.75768127608825
104.0,96.0,-1.0,25.0,101.0,143.03164365830247
104.0,103.0,-1.0,50.0,110.0,159.30309947650517
98.0,108.0,-1.0,23.0,93.0,153.19906589147286
99.0,100.0,-1.0,46.0,97.0,163.263386991387
107.0,102.0,-1.0,28.0,109.0,156.42751038726936
100.0,97.0,-1.0,70.0,99.0,149.95900601604276
101.0,102.0,-1.0,51.0,104.0,151.05000416250417
108.0,108.0,-1.0,25.0,111.0,162.9941731880584
101.0,97.0,-1.0,70.0,109.0,149.4149150236828
95.0,86.0,-1.0,45.0,91.0,144.21208074701497
94.0,97.0,-1.0,46.0,84.0,144.00168597017017
100.0,99.0,-1.0,26.0,101.0,145.68259463869464
105.0,103.0,-1.0,25.0,106.0,161.7315585883727
96.0,102.0,-1.0,43.0,97.0,155.68134065934066
105.0,98.0,-1.0,59.0,114.0,149.9542039125717
103.0,120.0,-1.0,23.0,104.0,162.22700256076024
110.0,104.0,-1.0,29.0,115.0,145.91210875085793
99.0,107.0,-1.0,19.0,97.0,150.06179333333336
104.0,101.0,-1.0,68.0,104.0,150.02898611111112
97.0,98.0,-1.0,48.0,91.0,143.5184295900178
100.0,102.0,-1.0,45.0,108.0,148.54839457828993
105.0,90.0,-1.0,34.0,105.0,137.41983914062052
108.0,117.0,-1.0,78.0,109.0,165.52281607765636
104.0,87.0,-1.0,69.0,103.0,137.39174741368163
101.0,96.0,-1.0,74.0,102.0,141.51961126967686
106.0,98.0,-1.0,24.0,107.0,146.93861368631366
95.0,104.0,-1.0,23.0,89.0,142.29178284382283
109.0,102.0,-1.0,51.0,110.0,156.2055204968944
105.0,95.0,-1.0,49.0,105.0,156.85945737566823
101.0,104.0,-1.0,52.0,104.0,147.57521666666668
104.0,101.0,-1.0,80.0,101.0,157.38076986428206
93.0,104.0,-1.0,75.0,91.0,151.35574607165304
111.0,99.0,-1.0,76.0,118.0,153.36465079901856
103.0,95.0,-1.0,23.0,107.0,142.1086969839626
110.0,103.0,-1.0,78.0,110.0,150.796223243694
106.0,101.0,-1.0,51.0,115.0,152.89317763975154
97.0,89.0,-1.0,20.0,96.0,138.9097698436821
98.0,88.0,-1.0,57.0,102.0,136.53782753520466
103.0,89.0,-1.0,45.0,92.0,136.67340917838752
101.0,109.0,-1.0,20.0,108.0,160.01110419475995
103.0,101.0,-1.0,31.0,104.0,145.46814615384613
107.0,99.0,-1.0,78.0,109.0,157.39064934467527
98.0,101.0,-1.0,43.0,96.0,152.9549278838121
108.0,105.0,-1.0,74.0,110.0,145.09660555555553
95.0,103.0,-1.0,50.0,88.0,148.28076393982923
110.0,98.0,-1.0,80.0,112.0,154.82101698259345
105.0,89.0,-1.0,52.0,102.0,137.83124075733485
100.0,108.0,-1.0,79.0,97.0,151.95506649616368
94.0,100.0,-1.0,20.0,92.0,142.3535097902098
99.0,103.0,-1.0,59.0,89.0,150.68022019969277
101.0,101.0,-1.0,74.0,98.0,150.0243816531295
92.0,93.0,-1.0,27.0,77.0,155.9127722260352
99.0,101.0,-1.0,74.0,93.0,145.47027953216374
100.0,101.0,-1.0,45.0,106.0,159.2349824753708
107.0,99.0,-1.0,70.0,112.0,144.95081219760633
102.0,105.0,-1.0,23.0,108.0,159.2317336219336
108.0,100.0,-1.0,53.0,111.0,141.8875254916512
103.0,103.0,-1.0,54.0,96.0,147.53151632078163
100.0,101.0,-1.0,48.0,94.0,152.40628181818184
95.0,98.0,-1.0,45.0,97.0,145.34138441033184
100.0,88.0,-1.0,68.0,92.0,140.16669546208726
99.0,99.0,-1.0,68.0,96.0,141.5593055169448
91.0,107.0,-1.0,76.0,78.0,152.45603543743078
109.0,101.0,-1.0,69.0,110.0,146.93458492487906
103.0,104.0,-1.0,26.0,97.0,158.3448621933622
106.0,98.0,-1.0,77.0,107.0,158.09300346907992
100.0,115.0,-1.0,77.0,101.0,159.46695903361345
109.0,90.0,-1.0,70.0,109.0,141.62842994652405
98.0,109.0,-1.0,51.0,93.0,152.1150664961637
105.0,103.0,-1.0,74.0,99.0,147.94264920634924
109.0,106.0,-1.0,89.0,109.0,162.34704524886877
109.0,92.0,-1.0,79.0,113.0,153.05993791569819
99.0,100.0,-1.0,58.0,92.0,143.9268593630986
108.0,106.0,-1.0,50.0,108.0,162.30597230769231
97.0,108.0,-1.0,80.0,92.0,165.32490138284183
101.0,107.0,-1.0,72.0,103.0,148.78603543743077
104.0,89.0,-1.0,64.0,98.0,138.57108410244263
95.0,108.0,-1.0,61.0,93.0,146.87296393206114
99.0,109.0,-1.0,25.0,94.0,160.97750674934824
93.0,105.0,-1.0,76.0,91.0,152.45417301587304
108.0,100.0,-1.0,69.0,105.0,157.89352549508035
100.0,103.0,-1.0,74.0,106.0,151.34765596273292
96.0,104.0,-1.0,52.0,93.0,160.08031204366438
104.0,102.0,-1.0,71.0,101.0,151.5076335164835
102.0,101.0,-1.0,78.0,97.0,150.12126115623505
101.0,100.0,-1.0,47.0,97.0,147.00641368412158
100.0,105.0,-1.0,76.0,98.0,151.93446475512508
95.0,103.0,-1.0,79.0,104.0,149.01231228840126
99.0,97.0,-1.0,64.0,100.0,147.97400099725368
104.0,89.0,-1.0,49.0,98.0,146.47096592992352
98.0,111.0,-1.0,28.0,95.0,164.24387403772698
99.0,98.0,-1.0,46.0,90.0,147.2137276376425
90.0,102.0,-1.0,71.0,85.0,149.77134423422152
99.0,107.0,-1.0,78.0,91.0,158.4154403927987
109.0,109.0,-1.0,30.0,107.0,163.12973535967578
110.0,112.0,-1.0,92.0,112.0,157.78842072485796
110.0,91.0,-1.0,78.0,107.0,145.15988648998058
103.0,103.0,-1.0,82.0,102.0,153.15590230880233
99.0,96.0,-1.0,76.0,101.0,135.5654693158246
106.0,101.0,-1.0,56.0,105.0,154.85915817321302
103.0,104.0,-1.0,73.0,99.0,142.41942465451478
99.0,103.0,-1.0,72.0,100.0,151.2764551455441
92.0,107.0,-1.0,68.0,95.0,154.13508874444705
100.0,107.0,-1.0,74.0,103.0,149.95185090311986
108.0,105.0,-1.0,76.0,104.0,164.12856616161616
98.0,102.0,-1.0,67.0,93.0,150.6810470621019
109.0,91.0,-1.0,49.0,103.0,144.66687385589373
99.0,105.0,-1.0,70.0,102.0,151.01618204835816
96.0,102.0,-1.0,49.0,96.0,145.27506693915592
102.0,97.0,-1.0,69.0,96.0,150.40683865959133
109.0,87.0,-1.0,23.0,106.0,147.1121155897875
99.0,107.0,-1.0,70.0,99.0,149.5889567232257
109.0,109.0,-1.0,59.0,109.0,170.18972171717172
99.0,92.0,-1.0,68.0,88.0,141.0867118224932
96.0,88.0,-1.0,21.0,94.0,144.09027490140846
110.0,103.0,-1.0,81.0,114.0,150.23996134781618
104.0,105.0,-1.0,80.0,98.0,159.50656305609283
101.0,101.0,-1.0,74.0,94.0,152.09587970521542
102.0,101.0,-1.0,79.0,102.0,146.01987151730253
104.0,112.0,-1.0,51.0,105.0,165.76106349206347
106.0,94.0,-1.0,75.0,105.0,148.70635004636992
102.0,99.0,-1.0,54.0,100.0,150.61801334532913
97.0,96.0,-1.0,44.0,96.0,148.7801864856783
99.0,100.0,-1.0,74.0,95.0,152.16202008915346
94.0,108.0,-1.0,69.0,99.0,148.7485356705941
109.0,98.0,-1.0,69.0,107.0,154.34243047036998
108.0,111.0,-1.0,74.0,102.0,173.30828838383837
97.0,94.0,-1.0,66.0,101.0,143.99341758274232
110.0,101.0,-1.0,27.0,108.0,153.39811268731268
103.0,97.0,-1.0,52.0,103.0,133.73955503011032
96.0,107.0,-1.0,25.0,96.0,157.32568789521767
109.0,101.0,-1.0,73.0,103.0,153.13736541950112
92.0,98.0,-1.0,71.0,92.0,152.3016857186464
98.0,95.0,-1.0,71.0,97.0,143.85017603658258
101.0,107.0,-1.0,46.0,109.0,152.22008496562262
99.0,88.0,-1.0,82.0,103.0,146.09929559184852
99.0,105.0,-1.0,79.0,94.0,148.20102791120584
111.0,104.0,-1.0,52.0,122.0,150.70005554445555
101.0,109.0,-1.0,80.0,101.0,156.8211951740531
106.0,103.0,-1.0,54.0,101.0,153.642452154195
109.0,101.0,-1.0,79.0,110.0,144.5908350093661
109.0,103.0,-1.0,74.0,115.0,144.67253741089343
100.0,87.0,-1.0,63.0,98.0,146.40097174988753
102.0,98.0,-1.0,78.0,105.0,156.34412858357751
107.0,97.0,-1.0,71.0,103.0,149.85475415111205
97.0,103.0,-1.0,77.0,90.0,161.50070164345456
89.0,101.0,-1.0,23.0,94.0,150.90719473304472
102.0,98.0,-1.0,74.0,101.0,150.97013919602006
100.0,99.0,-1.0,44.0,103.0,147.29230634095634
97.0,105.0,-1.0,78.0,105.0,152.6775322383499
99.0,98.0,-1.0,79.0,99.0,150.15189007364958
93.0,116.0,-1.0,75.0,95.0,168.2958812175694
106.0,97.0,-1.0,70.0,105.0,153.16651775336345
99.0,89.0,-1.0,74.0,91.0,140.6528851951317
104.0,103.0,-1.0,78.0,109.0,152.3452385834165
105.0,105.0,-1.0,56.0,112.0,155.91161265401263
102.0,102.0,-1.0,47.0,95.0,148.99296746031746
94.0,99.0,-1.0,52.0,99.0,148.86879325007413
112.0,96.0,-1.0,80.0,122.0,153.8176206942632
109.0,109.0,-1.0,81.0,111.0,166.31250129870128
102.0,96.0,-1.0,66.0,97.0,139.47952864864865
99.0,95.0,-1.0,46.0,102.0,150.28957765211194
101.0,100.0,-1.0,69.0,105.0,150.26260617400618
101.0,91.0,-1.0,66.0,99.0,144.64814017094017
97.0,103.0,-1.0,71.0,103.0,147.27013864899885
108.0,111.0,-1.0,29.0,103.0,154.15769487183528
107.0,101.0,-1.0,76.0,110.0,168.18927267198208
101.0,112.0,-1.0,75.0,96.0,166.18216007549051
96.0,96.0,-1.0,64.0,96.0,145.41949021787744
103.0,104.0,-1.0,58.0,104.0,157.29288451240714
108.0,116.0,-1.0,83.0,104.0,168.588913132463
97.0,111.0,-1.0,52.0,93.0,156.23858240195082
96.0,101.0,-1.0,81.0,97.0,154.1169572025301
102.0,101.0,-1.0,72.0,99.0,148.01554078642346
107.0,105.0,-1.0,82.0,106.0,152.10504537286613
98.0,91.0,-1.0,76.0,106.0,146.8549320533808
90.0,95.0,-1.0,93.0,96.0,149.73094802248232
104.0,101.0,-1.0,99.0,108.0,151.36729882014066
110.0,103.0,-1.0,108.0,111.0,171.00216702414156
107.0,98.0,-1.0,100.0,104.0,152.82741645466214
97.0,94.0,-1.0,106.0,93.0,147.26400073200278
107.0,102.0,-1.0,112.0,102.0,145.62439783661975
111.0,99.0,-1.0,116.0,108.0,151.45451921603302
95.0,94.0,-1.0,69.0,98.0,151.61694018346208
108.0,105.0,-1.0,102.0,108.0,172.79489429686882
107.0,98.0,-1.0,96.0,102.0,152.07745281829853
90.0,95.0,-1.0,94.0,97.0,149.76894802248233
103.0,100.0,-1.0,96.0,101.0,148.02424079045107
95.0,93.0,-1.0,92.0,96.0,151.47592598647896
96.0,93.0,-1.0,106.0,92.0,146.05600694318292
106.0,100.0,-1.0,105.0,101.0,144.92454435676626
111.0,102.0,-1.0,117.0,109.0,158.07887297526813
98.0,97.0,-1.0,97.0,97.0,140.9241621216419
106.0,105.0,-1.0,104.0,114.0,161.13194752511131
97.0,103.0,-1.0,95.0,100.0,148.57424896358543
101.0,93.0,-1.0,94.0,107.0,146.10261324263038
105.0,113.0,-1.0,115.0,114.0,154.6883786771296
101.0,100.0,-1.0,98.0,93.0,150.1485766067213
98.0,97.0,-1.0,97.0,97.0,143.45502698650677
100.0,99.0,-1.0,97.0,96.0,147.99755590364947
97.0,101.0,-1.0,100.0,99.0,151.39985765923763
105.0,101.0,-1.0,101.0,100.0,147.9204622518498
100.0,93.0,-1.0,94.0,106.0,146.8847465759637
106.0,114.0,-1.0,115.0,115.0,155.31964771889864
105.0,104.0,-1.0,100.0,109.0,162.36219589112437
101.0,100.0,-1.0,98.0,94.0,149.00980679540052
89.0,94.0,-1.0,92.0,94.0,145.83316927899688
99.0,95.0,-1.0,94.0,91.0,144.2695370475841
106.0,103.0,-1.0,101.0,102.0,147.52284773937816
108.0,108.0,-1.0,109.0,108.0,165.9617190878602
105.0,98.0,-1.0,98.0,100.0,151.76869255101252
94.0,94.0,-1.0,95.0,93.0,149.71416380165226
101.0,97.0,-1.0,93.0,92.0,142.6020776454879
104.0,96.0,-1.0,95.0,96.0,147.29008225848224
114.0,108.0,-1.0,116.0,113.0,162.6562699078042
96.0,96.0,-1.0,94.0,95.0,144.6659385097661
107.0,104.0,-1.0,103.0,104.0,160.7261501712408
97.0,99.0,-1.0,99.0,96.0,151.31596527828523
106.0,111.0,-1.0,112.0,114.0,162.3714370165575
105.0,103.0,-1.0,103.0,99.0,145.06743498575497
100.0,100.0,-1.0,97.0,96.0,144.76813684210526
89.0,93.0,-1.0,92.0,93.0,144.85581606078654
109.0,109.0,-1.0,101.0,109.0,156.52772159981222
105.0,97.0,-1.0,97.0,99.0,153.41540527828522
100.0,97.0,-1.0,95.0,96.0,144.89498139534885
104.0,99.0,-1.0,105.0,102.0,150.6706300805153
105.0,106.0,-1.0,108.0,102.0,156.4788715998122
89.0,91.0,-1.0,66.0,92.0,143.1615670190887
96.0,98.0,-1.0,94.0,98.0,144.30709250645995
105.0,109.0,-1.0,104.0,108.0,157.00311256135168
105.0,106.0,-1.0,108.0,104.0,156.45090101157695
90.0,91.0,-1.0,90.0,94.0,145.90858742725194
97.0,100.0,-1.0,96.0,102.0,141.12962583979328
105.0,110.0,-1.0,107.0,109.0,156.00219951787344
97.0,91.0,-1.0,85.0,90.0,142.98471315985603
110.0,101.0,-1.0,112.0,112.0,153.74469714285715
97.0,93.0,-1.0,88.0,96.0,139.49873153153152
104.0,101.0,-1.0,97.0,101.0,151.23754260370532
95.0,89.0,-1.0,84.0,84.0,139.72536059575344
111.0,101.0,-1.0,109.0,112.0,155.79344714285713
96.0,95.0,-1.0,90.0,94.0,136.531411101424
105.0,100.0,-1.0,95.0,97.0,154.74186260370533
105.0,107.0,-1.0,108.0,110.0,160.31167040816325
92.0,91.0,-1.0,90.0,90.0,141.01351640182014
98.0,97.0,-1.0,98.0,100.0,135.10043783547513
104.0,111.0,-1.0,110.0,111.0,153.60385970890192
95.0,90.0,-1.0,84.0,88.0,147.21960505430243
110.0,102.0,-1.0,104.0,108.0,157.277219126112
93.0,93.0,-1.0,88.0,87.0,134.0750686598479
104.0,102.0,-1.0,96.0,108.0,157.384219126112
93.0,93.0,-1.0,92.0,91.0,135.57732282651455
105.0,105.0,-1.0,105.0,110.0,157.48309214198497
97.0,87.0,-1.0,91.0,94.0,145.9767727130326
103.0,97.0,-1.0,99.0,98.0,151.83415618533513
97.0,88.0,-1.0,95.0,96.0,143.75732625205256
103.0,97.0,-1.0,98.0,99.0,150.03675618533515
92.0,92.0,-1.0,91.0,92.0,136.8750835936989
105.0,106.0,-1.0,105.0,105.0,149.34681662489555
96.0,89.0,-1.0,94.0,94.0,137.2645974721685
102.0,95.0,-1.0,94.0,96.0,146.19731662489556
105.0,92.0,-1.0,53.0,106.0,135.90940997216848
106.0,95.0,-1.0,80.0,105.0,139.94978034253887
97.0,96.0,-1.0,98.0,100.0,150.02493465608464
97.0,95.0,-1.0,93.0,98.0,151.45432381864626
108.0,97.0,-1.0,106.0,107.0,146.32868434496203
